2048 32 5000 156.425434 156.702214 157.243630 155.600931 156.814701
2304 32 5000 630.046146 623.861906 617.384023 612.765957 618.316001
2560 32 5000 560.404980 539.231174 561.711465 567.863580 547.154689
2816 32 5000 441.638894 459.146031 466.804807 464.399093 452.369478
3072 32 5000 572.466806 591.408976 585.561115 585.421629 573.803409
3328 32 5000 48.415195 52.977813 48.374290 456.476640 455.461466
3584 32 5000 389.459386 373.260431 405.860287 402.781485 386.024907
3840 32 5000 846.047921 813.882633 822.049773 828.255594 803.557416
4096 32 5000 154.373071 158.963786 150.973300 154.558747 149.233747
4352 32 5000 474.979536 483.958855 478.932526 483.387713 470.200554
4608 32 5000 845.989673 839.535413 848.228256 821.573434 841.836036
4864 32 5000 517.240463 527.298597 512.539515 515.834825 508.952979
5120 32 5000 386.853041 58.497990 48.170101 489.220663 485.279308
5376 32 5000 864.830082 867.271627 868.936256 880.229226 853.502679
5632 32 5000 560.328317 570.509655 558.453148 568.529968 567.098804
5888 32 5000 582.357668 584.924873 584.961192 580.277179 587.734731
6144 32 5000 251.333316 255.328433 255.740264 255.613916 255.050204
6400 32 5000 545.231883 555.736459 68.287608 51.200768 548.532248
6656 32 5000 572.651503 579.538529 580.739448 572.436035 584.308131
6912 32 5000 909.997531 861.375497 915.572481 916.331096 921.676806
7168 32 5000 510.586769 509.633843 503.968010 510.404984 516.961911
7424 32 5000 538.239159 539.927273 541.626009 541.329809 99.012245
7680 32 5000 122.839463 856.724535 866.450430 865.778905 879.662109
7936 32 5000 577.583697 579.058738 581.604984 579.957979 586.358809
8192 32 5000 147.073609 150.842991 151.617717 151.435537 157.441953
8448 32 5000 941.346890 923.720358 928.479187 314.556329 926.252313
8704 32 5000 542.052001 534.131093 536.435422 537.574307 533.905843
8960 32 5000 541.717050 555.400589 549.377275 553.299884 551.745372
9216 32 5000 815.936255 813.954515 802.219683 793.883924 814.359088
9472 32 5000 581.327196 72.177930 575.652372 587.820960 583.026852
9728 32 5000 602.422882 595.143961 595.645019 597.107454 597.611826
9984 32 5000 615.488942 607.322359 618.970862 613.503341 620.316869
10240 32 5000 181.293085 187.554375 46.758391 189.855963 187.999862
10496 32 5000 585.061315 589.104430 590.492264 591.553066 602.785355
10752 32 5000 648.956958 647.540181 654.736441 650.527510 649.324375
11008 32 5000 671.603432 125.522392 658.274779 674.509804 657.733961
11264 32 5000 577.289471 568.924806 570.889163 574.987238 578.271193
11520 32 5000 689.278636 689.717108 700.729927 686.454881 696.125085
11776 32 5000 671.188373 673.299028 693.700526 677.292498 688.982338
12032 32 5000 718.140784 723.919829 718.945364 717.257824 723.783743
