2048 32 5000 134.025932 136.590246 137.058725 136.727030 138.430992
2304 32 5000 706.748466 715.250291 709.468822 700.969766 709.742010
2560 32 5000 630.833205 621.830879 643.620365 629.185868 637.113081
2816 32 5000 487.460781 497.581447 512.640801 497.416648 507.959414
3072 32 5000 245.379662 236.934201 240.493199 241.414538 237.552559
3328 32 5000 539.876305 530.622820 542.959111 531.788675 535.586401
3584 32 5000 399.944204 417.867813 411.658291 405.802845 405.114800
3840 32 5000 860.624737 841.182913 829.933811 836.715239 826.361802
4096 32 5000 141.128841 146.452435 148.144129 142.290156 144.930228
4352 32 5000 490.504367 507.595859 507.521866 509.713784 497.655803
4608 32 5000 723.817004 43.311578 56.724318 137.946003 720.633369
4864 32 5000 560.772446 554.420460 556.800458 554.380966 552.531061
5120 32 5000 201.892744 214.804521 210.884004 214.731324 202.346548
5376 32 5000 846.697510 848.870029 844.204534 851.137938 843.459502
5632 32 5000 528.764230 528.826291 533.617576 526.909133 527.896895
5888 32 5000 581.854116 586.016422 574.754438 581.710404 583.367391
6144 32 5000 217.246409 216.043251 214.928506 214.384786 216.385648
6400 32 5000 675.016480 687.617513 683.532474 694.190224 687.756062
6656 32 5000 745.927015 742.908964 738.991049 740.893280 743.687151
6912 32 5000 739.646870 730.800238 737.919530 734.879394 735.465851
7168 32 5000 608.069562 608.682730 605.757144 606.301544 603.557520
7424 32 5000 667.963786 667.325843 668.678226 670.338600 668.565318
7680 32 5000 696.598639 701.850583 702.291821 703.216207 702.693429
7936 32 5000 629.622651 623.317461 626.052658 620.788110 623.256271
8192 32 5000 528.026427 529.305819 526.287894 526.901431 526.118894
8448 32 5000 64.336303 665.557142 667.463335 665.327820 668.982925
8704 32 5000 696.389639 699.819095 698.555377 698.205154 693.614902
8960 32 5000 710.406343 705.060739 705.963461 706.067770 708.090487
9216 32 5000 672.210066 670.955999 671.108684 675.783685 671.261438
9472 32 5000 728.580357 729.281555 726.972706 728.405268 727.985397
9728 32 5000 755.719557 758.555485 756.380601 760.445574 749.496798
9984 32 5000 755.076574 731.763628 755.397929 755.183662 753.900609
10240 32 5000 594.118287 575.826802 576.049504 572.787023 575.361708
10496 32 5000 733.825650 736.238492 733.953936 733.697409 734.371174
10752 32 5000 725.291960 719.859402 723.248970 718.596491 726.455808
11008 32 5000 72.249638 739.412259 734.509362 735.675202 738.698989
11264 32 5000 674.617256 673.281530 673.583495 671.375354 677.559307
11520 32 5000 762.598262 758.393680 758.893281 753.988383 756.557074
11776 32 5000 746.527200 744.992290 744.638976 746.083789 743.815878
12032 32 5000 741.229016 744.554455 739.350181 742.372358 742.372358
