2048 256 5000 1063.507647 1069.059174 1073.700594 1075.639079 1068.449154
2304 256 5000 1085.152887 1089.562936 1102.227538 1092.792826 1097.714583
2560 256 5000 1101.630526 1094.601817 1090.376680 1095.883081 1103.894354
2816 256 5000 1146.062128 1144.025137 1147.923567 1148.472200 1150.561798
3072 256 5000 1203.194517 1205.370609 1199.963380 1200.146502 1199.012045
3328 256 5000 1213.353082 1222.756760 1219.361672 1219.291868 1219.291868
3584 256 5000 1219.015226 1223.045136 1218.950445 1225.331873 1221.319419
3840 256 5000 1216.663779 1213.449859 1224.117750 1220.591522 1230.307126
4096 256 5000 1193.625353 1186.843237 1188.673000 1187.488392 1182.213403
4352 256 5000 1251.024075 1263.910696 1236.693011 1254.913269 1249.032490
4608 256 5000 1273.752861 1279.389181 1283.565460 1284.403989 1270.323706
4864 256 5000 1221.918669 1219.238603 1220.984095 1218.379648 1236.209122
5120 256 5000 1146.255291 1149.330948 1151.896509 1148.082617 1146.616278
5376 256 5000 1164.621061 1149.773597 1166.101235 1154.790314 1159.225754
5632 256 5000 1246.340831 1252.555861 1249.928045 1251.077713 1247.872598
5888 256 5000 1276.812306 1267.535613 1268.944152 1276.487924 1280.391424
6144 256 5000 1178.316502 1194.804090 1185.599711 1184.296363 1193.281238
6400 256 5000 1310.321662 1310.720000 1307.874066 1303.358630 1304.271681
6656 256 5000 1300.119029 1303.181596 1300.535804 1296.616799 1303.919558
6912 256 5000 1297.552248 1296.943577 1290.323333 1295.822837 1286.738998
7168 256 5000 1216.332591 1247.676680 1245.103068 1249.239567 1247.405272
7424 256 5000 1479.943934 1472.239953 1468.372582 1458.188068 1471.852299
7680 256 5000 1396.879529 1396.621535 1390.792564 1384.037056 1391.442200
7936 256 5000 1421.147766 1397.894505 1399.743699 1401.327098 1396.011819
8192 256 5000 1317.372732 1341.010065 1341.902458 1339.981854 1342.813236
8448 256 5000 1419.049369 1411.971169 1411.528822 1418.825937 1414.427542
8704 256 5000 1416.976573 1421.206246 1415.086815 1417.030640 1404.649755
8960 256 5000 1460.100830 1455.394533 1451.195748 1450.700128 1444.360486
9216 256 5000 1363.802213 1382.518810 1385.653037 1383.086140 1390.536813
9472 256 5000 1445.451728 1437.840658 1441.481887 1436.052448 1434.642054
9728 256 5000 1487.710579 1484.394111 1476.246028 1468.879688 1483.792705
9984 256 5000 1464.818954 1444.307317 1447.972988 1443.605761 1449.977308
10240 256 5000 1371.289874 1377.964676 1387.372321 1381.290112 1379.865037
10496 256 5000 1521.211092 1516.112578 1518.769147 1513.141416 1517.002778
10752 256 5000 1459.444327 1447.699995 1452.696911 1452.451612 1455.770166
11008 256 5000 1490.084602 1468.590011 1470.751438 1481.872870 1475.201541
11264 256 5000 1407.120550 1415.214276 1421.535124 1417.997994 1416.590849
11520 256 5000 1453.326894 1427.329662 1442.084262 1441.675384 1444.174567
11776 256 5000 1439.883841 1432.440035 1429.776901 1436.905273 1430.509633
12032 256 5000 1470.104333 1467.051506 1458.258531 1467.093431 1462.718207
