2048 256 5000 222.363220 226.433217 228.862775 225.035625 226.519308
2304 256 5000 1108.191793 1101.157494 1098.082437 1109.734713 1105.035971
2560 256 5000 622.338708 619.866447 623.214591 619.362643 623.190886
2816 256 5000 674.983615 693.182561 684.273673 681.298907 666.028567
3072 256 5000 520.822792 517.750537 517.164915 514.916519 522.539235
3328 256 5000 828.295320 829.069111 825.198559 826.511447 826.543521
3584 256 5000 721.671281 722.205255 717.697121 199.452188 139.038509
3840 256 5000 960.093759 956.506509 961.615213 959.718832 959.812537
4096 256 5000 202.352015 204.081728 201.535286 203.151773 204.856816
4352 256 5000 1075.024123 1079.419459 1075.231624 1077.748757 1077.165233
4608 256 5000 1089.844789 1090.106641 1101.918658 1090.711393 1089.341583
4864 256 5000 811.787102 806.247005 145.518460 239.012611 813.569244
5120 256 5000 557.473269 601.402195 611.189346 453.539471 613.357293
5376 256 5000 1342.322097 1346.709200 1346.182288 1347.262902 1346.946445
5632 256 5000 1293.527839 1291.696829 1291.627399 1292.159885 1288.833268
5888 256 5000 1296.559317 1296.804722 1296.336303 1291.892077 1295.489549
6144 256 5000 1142.372389 1171.366439 1169.954923 1179.323686 1174.129591
6400 256 5000 1336.552894 1343.325189 1335.093466 1342.092760 1342.158726
6656 256 5000 1316.634728 1321.351800 1321.802808 1322.746821 1324.783082
6912 256 5000 1352.476458 1368.099089 1365.227992 1361.656022 1370.663692
7168 256 5000 217.260470 1178.568768 1182.868783 1184.319294 1181.467460
7424 256 5000 1309.004752 1309.600066 1313.764309 1312.258510 1314.218540
7680 256 5000 1296.664161 1298.308174 1296.219623 1294.614990 1299.080241
7936 256 5000 1232.971221 1241.485175 1243.080387 1235.746089 1239.379705
8192 256 5000 1201.682348 1214.290181 1207.480424 1208.816748 1210.435425
8448 256 5000 1246.089492 1252.265753 1255.289461 1248.333583 1253.717638
8704 256 5000 1360.564687 1363.328439 1361.861921 1363.728946 1361.063331
8960 256 5000 1322.158560 1324.464154 1326.133460 1323.470695 1324.402975
9216 256 5000 1181.360973 1178.728592 1172.274394 1177.328663 1176.541929
9472 256 5000 1470.379354 1469.132152 1468.438200 1467.105518 237.517191
9728 256 5000 1484.234868 1480.282460 1474.759869 1474.323332 1474.724936
9984 256 5000 1479.230956 1483.678919 1480.481928 1481.322808 1478.204342
10240 256 5000 1386.770494 1406.970878 200.695157 1396.105833 1403.460682
10496 256 5000 1481.423326 1480.509119 1481.472333 1478.537627 1480.623333
10752 256 5000 1509.731349 1490.906727 1496.695051 1494.582062 1492.976937
11008 256 5000 297.633547 1486.861183 1488.573360 1483.526711 1485.293839
11264 256 5000 1392.820434 1405.570450 1407.972501 1407.821273 1409.087089
11520 256 5000 1499.328914 1496.878458 246.687545 1498.506128 1473.160498
11776 256 5000 1456.552577 1455.020030 1461.141323 1459.161092 1458.991608
12032 256 5000 1474.538039 1469.459101 1472.690936 1472.156001 1457.747825
