2048 32 5000 926.929 879.809 893.456 882.758 877.923
2304 32 5000 917.928287 900.219780 899.560761 901.320293 910.896961
2560 32 5000 853.511148 850.321777 802.665099 845.058799 840.722496
2816 32 5000 907.106906 903.650221 921.579055 906.741799 920.449438
3072 32 5000 984.812663 948.514087 975.625248 989.571170 929.852440
3328 32 5000 862.455458 840.802147 851.831707 837.759597 860.504202
3584 32 5000 843.542218 854.350417 854.987327 876.685522 844.411721
3840 32 5000 852.859522 856.425983 857.860933 859.781696 857.860933
4096 32 5000 802.940456 809.886307 805.605409 806.497662 804.912798
4352 32 5000 816.127520 806.392588 811.089109 820.938458 838.535645
4608 32 5000 836.392513 843.762875 844.245964 839.726651 826.176602
4864 32 5000 816.278582 811.850615 807.638024 801.813311 799.917772
5120 32 5000 824.144869 834.981144 814.395069 826.139572 817.157107
5376 32 5000 869.990897 871.577667 872.107878 857.245366 863.181134
5632 32 5000 824.672829 826.260774 820.841683 829.837002 817.120058
5888 32 5000 856.903766 860.976056 847.651611 844.082071 855.891705
6144 32 5000 863.072871 885.302594 878.891372 864.438973 869.792957
6400 32 5000 863.333614 845.931433 858.124529 839.895013 866.328257
6656 32 5000 865.117790 873.992614 853.949162 864.555934 865.258369
6912 32 5000 862.719401 862.988685 871.901608 870.254958 874.729099
7168 32 5000 861.991732 867.730953 860.827141 854.159529 867.665305
7424 32 5000 876.311324 870.021241 849.549421 864.072161 858.017914
7680 32 5000 892.374728 885.877010 894.062864 896.934307 898.311280
7936 32 5000 866.730375 866.434664 870.115809 872.087912 869.877372
8192 32 5000 884.545823 892.496255 884.724941 890.132428 884.545823
8448 32 5000 908.509208 899.920107 898.185926 892.198020 898.126246
8704 32 5000 884.946305 876.922108 882.143536 884.665227 879.136418
8960 32 5000 887.897931 891.375987 884.829033 891.708652 892.485837
9216 32 5000 894.920192 833.367243 893.510271 894.540160 889.521626
9472 32 5000 884.045966 874.203969 883.942840 875.314774 887.306792
9728 32 5000 879.069242 888.199041 879.864330 886.782133 883.460098
9984 32 5000 898.548768 899.966197 911.000855 905.783624 912.197350
10240 32 5000 877.933769 880.339584 877.745634 883.567923 877.980816
10496 32 5000 885.504877 891.238126 891.806064 890.245971 890.198781
10752 32 5000 895.347143 897.449006 896.046669 895.347143 889.974133
11008 32 5000 865.664013 865.493857 870.326629 866.515793 873.520805
11264 32 5000 865.712364 895.256073 883.580919 889.336294 878.413023
11520 32 5000 887.220217 876.128910 887.433799 884.920063 884.410537
11776 32 5000 874.482503 872.740748 875.051087 874.482503 869.960292
12032 32 5000 871.371022 859.889226 864.173812 867.405605 868.422952
