2048 32 5000 741.189 748.640 750.354 728.177 752.249
2304 32 5000 839.535413 812.340238 833.649932 825.991486 837.247331
2560 32 5000 796.267496 804.083235 769.346356 776.051535 757.816836
2816 32 5000 868.633121 821.590080 869.135802 817.564870 869.135802
3072 32 5000 873.037300 920.621839 919.072550 933.738602 906.194690
3328 32 5000 808.994227 773.391431 798.440546 779.163008 779.391101
3584 32 5000 803.362286 806.752954 821.664995 815.820174 805.280157
3840 32 5000 822.269807 826.472962 832.971800 817.891374 818.545164
4096 32 5000 770.196263 786.935639 778.337292 781.959193 777.321789
4352 32 5000 794.795115 783.262092 801.012309 798.806929 804.715128
4608 32 5000 814.224186 817.746229 816.840239 832.802440 810.464988
4864 32 5000 779.409114 795.583725 801.895930 785.704190 781.443920
5120 32 5000 799.765694 814.557025 807.093596 803.609967 800.547249
5376 32 5000 838.035853 843.707700 842.798354 846.697510 844.784915
5632 32 5000 800.639716 811.308184 805.866571 809.922704 817.342404
5888 32 5000 840.992680 841.969792 849.639250 836.215161 846.128974
6144 32 5000 860.956385 863.072871 857.726202 862.164533 854.966081
6400 32 5000 843.214756 841.275058 836.532963 834.964123 845.651994
6656 32 5000 850.742930 861.827304 846.886680 850.539094 869.142251
6912 32 5000 851.035013 856.770995 858.100559 853.992278 855.776522
7168 32 5000 861.021021 854.477723 855.880597 858.700210 852.002080
7424 32 5000 864.323656 859.072829 866.720175 860.254925 863.757999
7680 32 5000 902.335145 893.217998 883.965182 903.595853 892.828598
7936 32 5000 853.907196 853.390685 857.193006 857.424539 863.958631
8192 32 5000 859.826817 884.247453 879.855004 882.342646 864.078054
8448 32 5000 889.146165 880.975037 883.450980 905.102451 893.968254
8704 32 5000 871.489362 877.529931 869.965017 882.758621 881.808396
8960 32 5000 887.403281 881.944017 886.689758 889.330025 891.708652
9216 32 5000 883.763860 888.449720 888.342671 889.146165 892.050817
9472 32 5000 873.095979 868.642173 879.326951 866.556121 870.388238
9728 32 5000 873.004655 877.631802 879.416916 885.621622 879.416916
9984 32 5000 903.631633 903.580519 910.066655 907.069445 898.447694
10240 32 5000 876.712329 872.371013 874.046412 864.727925 874.886527
10496 32 5000 887.235841 879.752737 887.329599 889.727152 892.611885
10752 32 5000 890.988191 889.008320 892.930551 895.067638 887.540628
11008 32 5000 862.569176 858.072688 860.125995 862.062552 859.370578
11264 32 5000 883.234501 884.057687 882.283253 877.301271 888.284292
11520 32 5000 880.271264 881.281377 878.802327 879.725086 880.986521
11776 32 5000 872.134790 868.997325 865.603896 866.479650 863.184900
12032 32 5000 856.408203 854.886984 860.273483 860.812019 860.889008