2048 256 5000 1287.417739 1404.694031 1404.317780 1400.341880 1413.632442
2304 256 5000 1536.720338 1526.538641 1532.249182 1507.961344 1527.329225
2560 256 5000 1502.016868 1484.528610 1494.140714 1497.144424 1497.760307
2816 256 5000 1480.583282 1488.962327 1480.096908 1486.138369 1481.983390
3072 256 5000 1579.117305 1468.648689 1559.638267 1568.222063 1580.577217
3328 256 5000 1530.884784 1550.724427 1546.895199 1543.979703 1534.856237
3584 256 5000 1537.888032 1536.188595 1538.197425 1533.979803 1546.129217
3840 256 5000 1614.293221 1611.435316 1611.593823 1611.593823 1606.012090
4096 256 5000 1589.040432 1590.148919 1590.390099 1591.645416 1596.492083
4352 256 5000 1590.679612 1586.873291 1584.165624 1587.551654 1583.715244
4608 256 5000 1648.289738 1649.349850 1651.705405 1648.474008 1640.313699
4864 256 5000 1622.643280 1634.700415 1629.054372 1630.846605 1625.948656
5120 256 5000 1622.539675 1616.536346 1617.054876 1621.977478 1620.533617
5376 256 5000 1679.507957 1678.647574 1677.501767 1677.256441 1670.456863
5632 256 5000 1660.285583 1650.743056 1659.062874 1648.214367 1650.516290
5888 256 5000 1650.563939 1659.504569 1648.686369 1647.749186 1649.913527
6144 256 5000 1698.117119 1691.106141 1696.395522 1697.750529 1698.190456
6400 256 5000 1675.701107 1679.342367 1675.529739 1676.867337 1673.817989
6656 256 5000 1669.510690 1668.889324 1671.115296 1666.962766 1669.183598
6912 256 5000 1700.663168 1699.356549 1704.562269 1702.495815 1701.513549
7168 256 5000 1696.411205 1687.022395 1691.594609 1691.438684 1696.191673
7424 256 5000 1677.947486 1681.748518 1679.519265 1681.450942 1677.473565
7680 256 5000 1718.721589 1720.135085 1718.300996 1716.980473 1720.074889
7936 256 5000 1693.352004 1692.928687 1693.210875 1696.661155 1692.646593
8192 256 5000 1735.305994 1740.779600 1749.755536 1745.851717 1748.792528
8448 256 5000 1794.374658 1783.601366 1781.544393 1787.966071 1763.127945
8704 256 5000 1724.578186 1734.107429 1725.513033 1729.155220 1720.131544
8960 256 5000 1770.696310 1763.237193 1768.130242 1766.605052 1766.360178
9216 256 5000 1800.000000 1797.723220 1804.294891 1798.271315 1806.035182
9472 256 5000 1739.752328 1748.357512 1747.752631 1746.720260 1747.601476
9728 256 5000 1768.250046 1774.246591 1779.317243 1774.423576 1778.554799
9984 256 5000 1810.232874 1812.260873 1810.797177 1812.132384 1807.186594
10240 256 5000 1759.190412 1753.776577 1755.961631 1755.185666 1754.903667
10496 256 5000 1789.623157 1786.030683 1786.671986 1791.986342 1782.027032
10752 256 5000 1816.599789 1815.353770 1819.145055 1819.577979 1820.492606
11008 256 5000 1755.640006 1758.005714 1755.202611 1759.015268 1762.050897
11264 256 5000 1792.537889 1773.051146 1792.114553 1785.434597 1788.690668
11520 256 5000 1808.676880 1818.939889 1817.012310 1818.737974 1814.329482
11776 256 5000 1762.915487 1756.833493 1765.207106 1763.492992 1763.575524
12032 256 5000 1784.790822 1786.094843 1783.509357 1784.687409 1781.755498
