2048 256 5000 1520.997969 1514.407857 1517.827572 1519.411117 1518.179186
2304 256 5000 1649.765048 1650.134288 1657.460799 1655.228153 1612.422089
2560 256 5000 1585.216003 1570.702713 1590.216442 1578.115970 1590.139273
2816 256 5000 1562.003813 1567.915090 1559.773249 1563.019817 1559.503310
3072 256 5000 1663.068855 1649.741976 1665.604880 1638.946315 1660.189994
3328 256 5000 1612.781585 1527.152793 1603.312131 1624.281248 1612.415307
3584 256 5000 1612.145066 1601.564027 1608.245399 1601.340408 1606.724573
3840 256 5000 1684.614594 1690.117599 1675.598282 1692.270615 1687.158892
4096 256 5000 1657.984947 1661.031555 1667.211499 1656.884619 1671.996683
4352 256 5000 1646.097929 1652.298748 1644.348673 1649.216923 1639.364332
4608 256 5000 1707.111227 1712.414354 1712.712701 1714.405302 1713.060904
4864 256 5000 1669.102705 1686.190180 1683.909880 1689.117990 1683.454560
5120 256 5000 1675.855367 1664.998349 1670.345355 1667.752443 1673.715395
5376 256 5000 1730.573649 1722.257540 1728.877946 1723.163219 1723.249524
5632 256 5000 1704.810103 1699.665205 1702.073004 1694.989537 1699.464862
5888 256 5000 1697.479673 1695.188826 1689.526542 1698.665705 1691.004959
6144 256 5000 1734.291889 1729.904754 1732.000176 1719.052199 1729.866702
6400 256 5000 1714.309630 1714.704343 1714.381383 1709.836989 1716.356932
6656 256 5000 1709.783459 1708.069528 1711.225822 1708.788961 1706.598293
6912 256 5000 1723.690773 1725.876363 1726.886967 1725.573412 1716.933825
7168 256 5000 1715.634174 1711.633460 1718.655053 1711.026985 1709.369353
7424 256 5000 1693.527231 1699.311529 1699.341917 1702.874346 1699.372306
7680 256 5000 1725.327764 1725.418612 1726.236676 1721.460468 1723.694131
7936 256 5000 1702.947192 1704.976586 1697.426643 1704.318647 1701.150503
8192 256 5000 1839.800681 1830.998114 1841.771907 1836.932186 1834.939190
8448 256 5000 1876.974883 1878.572669 1872.165377 1872.684135 1876.486308
8704 256 5000 1801.662408 1763.477215 1804.609877 1805.399449 1805.545742
8960 256 5000 1842.584708 1845.430994 1844.125356 1843.206583 1841.785772
9216 256 5000 1875.076297 1877.344198 1881.446275 1879.587642 1881.536302
9472 256 5000 1809.387079 1813.500860 1810.765279 1813.907840 1808.793209
9728 256 5000 1846.495143 1846.358244 1845.181749 1841.960918 1836.852587
9984 256 5000 1880.613356 1889.008455 1887.446092 1885.023969 1885.413316
10240 256 5000 1816.105969 1817.314625 1813.492722 1816.533851 1818.121289
10496 256 5000 1849.286294 1848.522957 1843.247767 1848.879103 1846.287465
10752 256 5000 1879.668934 1884.043369 1880.439416 1883.269931 1881.827878
11008 256 5000 1812.249518 1808.783168 1815.167794 1813.555744 1815.658987
11264 256 5000 1853.870288 1844.596548 1851.608512 1846.746593 1847.740613
11520 256 5000 1875.171677 1874.337431 1869.181625 1875.720301 1875.982799
11776 256 5000 1817.809937 1816.867760 1818.950620 1818.204627 1069.800849
12032 256 5000 1837.209524 1837.428715 1836.355181 1836.004912 1834.342953
