128 2048 4096 605.300087 610.427416 587.129169 603.090218 601.266561
320 3072 4096 1225.620747 1253.863495 1254.762181 1235.321933 1260.773348
1632 36548 1024 2231.390652 2223.713458 2223.535359 2231.455870 2225.877210
2048 4096 32 486.648760 492.722937 479.349029 452.063752 482.623977
31999 1024 88 1693.781654 1686.253736 1690.901242 1693.184902 1694.478397
84 1024 4096 277.134851 261.191738 272.525941 269.379567 263.516482
256 256 2048 253.050015 259.910395 247.725596 246.542483 249.012482
1024 16 500000 468.507832 467.595922 468.432820 469.310357 470.115635
35 8457 2560 472.705677 465.303776 482.733771 475.732798 460.049299
64 18496 128 282.001176 264.339204 264.754905 284.917698 274.044551
128 4624 256 278.732951 284.917698 279.710600 285.024891 286.425769
256 1156 512 319.323987 303.220396 320.336643 312.991597 312.668659
512 289 1024 385.643248 356.431974 382.720970 376.445297 365.547001
28269 289 1024 1662.357632 1662.456735 1665.136996 1662.688022 1661.730253
256 3136 64 116.192275 108.626266 120.300220 116.906084 112.208395
64 3136 64 28.206096 27.099274 25.897290 28.033732 26.968415
64 3136 256 101.261774 105.222658 102.371437 102.473522 108.833349
512 784 128 186.769262 174.288412 181.941303 199.225374 185.488173
128 784 512 124.046895 116.614217 121.466251 119.461111 119.935163
