2048 32 5000 1148.545391 1205.148952 1213.629630 1179.978394 1219.047619
2304 32 5000 1255.158325 1252.599388 1251.748727 1245.405405 1229.209737
2560 32 5000 1313.241424 1331.166721 1303.628262 1299.904792 1316.195373
2816 32 5000 1369.067153 1335.388263 1336.576683 1351.409718 1344.955224
3072 32 5000 1392.407932 1379.898933 1395.174567 1412.008044 1407.560137
3328 32 5000 1413.538625 1422.222222 1409.796134 1407.932311 1403.849196
3584 32 5000 1454.693049 1449.911504 1432.167832 1458.021866 1461.738465
3840 32 5000 1452.138974 1452.482270 1465.648855 1449.398443 1453.857075
4096 32 5000 1421.296899 1430.292449 1439.718805 1431.542158 1439.086517
4352 32 5000 1409.554656 1433.347056 1416.724313 1431.873329 1428.348718
4608 32 5000 1440.000000 1431.333722 1433.281493 1419.757366 1426.349391
4864 32 5000 1427.963303 1419.368959 1420.405183 1412.926652 1413.439884
5120 32 5000 1440.731622 1428.172943 1431.167016 1423.705249 1453.771074
5376 32 5000 1314.827270 1434.556371 1446.862910 1443.221477 1420.578035
5632 32 5000 1429.668412 1447.582329 1430.803430 1442.022724 1439.258904
5888 32 5000 1440.048915 1453.827160 1434.566773 1435.441109 1431.950144
6144 32 5000 1426.349391 1440.985048 1427.799564 1458.516320 1439.086517
6400 32 5000 1445.919232 1451.041519 1443.676865 1452.482270 1442.050415
6656 32 5000 1441.667795 1441.277575 1443.817787 1465.272427 1447.349823
6912 32 5000 1464.600715 1455.157895 1456.691254 1460.345966 1482.069150
7168 32 5000 1476.036036 1482.523268 1473.949364 1480.418226 1468.852459
7424 32 5000 1475.577640 1474.112683 1473.564074 1470.462986 1479.437041
7680 32 5000 1480.481928 1491.081179 1475.858756 1474.795967 1469.680660
7936 32 5000 1481.806512 1485.446888 1485.099415 1473.210349 1481.460740
8192 32 5000 1496.255708 1431.385825 1490.809827 1496.768300 1483.050464
8448 32 5000 1490.604323 1486.506104 1488.142684 1499.700433 1494.890511
8704 32 5000 1490.410959 1490.889626 1494.569650 1508.328821 1499.881529
8960 32 5000 1507.307328 1503.828805 1504.933865 1502.882902 1511.917317
9216 32 5000 1509.118821 1516.101172 1514.077421 1506.651681 1512.214132
9472 32 5000 1506.031998 1510.234180 1510.987039 1501.555534 1505.284068
9728 32 5000 1518.517073 1511.145631 1519.109897 1509.679922 1520.593982
9984 32 5000 1505.598492 1510.581560 1510.724418 1524.129377 1507.303265
10240 32 5000 1524.660339 1522.252160 1507.822566 1516.194707 1529.928098
10496 32 5000 1522.262509 1523.090876 1521.848663 1524.611893 1525.858623
10752 32 5000 1527.137150 1525.647393 1537.510055 1520.792079 1525.782705
11008 32 5000 1529.021616 1521.887151 1522.939905 1528.623503 1524.917749
11264 32 5000 1538.009899 1530.044995 1525.641243 1525.899585 1538.009899
11520 32 5000 1486.451613 1531.660296 1508.223550 1531.024171 1529.372718
11776 32 5000 1529.971579 1538.466563 1527.862472 1531.090525 1527.862472
12032 32 5000 1530.302067 1533.593563 1532.007003 1537.635783 1536.408619
