2048 256 5000 1935.927923 1915.137347 1859.836822 1895.199537 1891.370851
2304 256 5000 1961.764119 1964.377539 1966.866747 1966.866747 1969.493789
2560 256 5000 1980.418228 1993.066115 1990.644554 1988.952959 1989.194439
2816 256 5000 2011.989953 2012.439283 2016.717954 1968.908068 2013.226095
3072 256 5000 2026.573210 2026.468769 2005.897057 2033.279901 2033.174767
3328 256 5000 2037.031370 2040.446424 2043.872949 2042.403030 2041.424258
3584 256 5000 2053.132832 2056.722708 2057.645212 2053.132832 2063.383259
3840 256 5000 2069.645038 2066.425629 2028.308505 2065.470437 2068.948100
4096 256 5000 2079.517690 2083.567142 2083.732761 2082.656709 2083.401550
4352 256 5000 2015.981471 2014.669078 2006.396773 2012.994616 2014.887691
4608 256 5000 2056.855907 2053.275778 2051.847214 2052.847000 2051.633100
4864 256 5000 1992.804558 2033.152635 2036.944217 2041.552991 2037.344154
5120 256 5000 2084.876249 2139.881147 2114.951431 2111.272188 2092.464879
5376 256 5000 2143.968096 2119.860756 2116.991232 2112.442057 2113.674899
5632 256 5000 2144.502618 2164.397874 2151.992597 2145.268420 2142.017531
5888 256 5000 2136.054190 2143.770622 2140.786820 2140.422027 2138.053901
6144 256 5000 2168.390868 2188.241186 2194.469403 2184.836783 2191.656216
6400 256 5000 2185.932330 2189.379159 2178.028289 2185.990660 2192.191389
6656 256 5000 2213.248818 2215.435823 2213.421319 2213.076344 2214.687151
6912 256 5000 2205.499190 2204.015744 2203.521706 2208.251591 2204.619870
7168 256 5000 2225.385045 2219.946770 2197.035512 2198.931096 2201.569286
7424 256 5000 2197.211496 2199.754624 2189.415478 2200.314902 2195.992882
7680 256 5000 2220.505523 2219.803545 2219.252303 2219.703299 2217.500169
7936 256 5000 2209.815524 2210.344452 2208.470302 2209.815524 2207.654359
8192 256 5000 2233.959692 2236.437316 2234.959610 2236.389618 2234.292898
8448 256 5000 2217.641148 2221.011769 2222.061483 2218.323555 2221.057388
8704 256 5000 2243.524839 2240.907537 2243.841134 2245.876590 2245.831318
8960 256 5000 2239.825014 2237.290781 2239.125342 2237.159856 2238.295049
9216 256 5000 2254.765090 2261.942016 2254.032674 2256.965198 2253.214654
9472 256 5000 2250.131769 2252.430936 2250.758349 2246.879170 2248.337506
9728 256 5000 2263.847427 2268.507925 2267.640363 2268.301302 2265.371320
9984 256 5000 2260.741579 2261.461688 2262.542712 2261.141583 2262.022090
10240 256 5000 2275.516050 2217.875393 2279.156306 2275.318543 2276.939112
10496 256 5000 2271.400555 2269.673779 2270.325808 2269.060447 2270.517652
10752 256 5000 2283.560098 2282.954018 2284.545666 2284.128591 2283.370663
11008 256 5000 2273.719542 2279.679006 2278.794152 2276.290792 2278.241467
11264 256 5000 2289.758127 2287.723530 2287.396878 2286.707586 2290.049080
11520 256 5000 2260.312399 2278.086763 2281.258702 2281.646990 2281.329290
11776 256 5000 2288.094479 2288.129212 2288.546095 2288.789347 2288.650339
12032 256 5000 2279.901112 2278.585590 2277.305258 2281.725114 2282.130844
