128 2048 4096 1175.415242 1142.035550 1349.600080 1345.035480 1358.822860
320 3072 4096 1543.678822 1860.259570 1869.414476 1864.221418 1866.814335
1632 36548 1024 2146.396123 2144.203393 2146.245276 2146.743150 2145.129670
2048 4096 32 592.703590 592.572751 589.191080 589.838400 585.464462
31999 1024 88 1240.959669 1222.337384 1228.063836 1215.382039 1216.202239
84 1024 4096 796.206861 786.607582 790.135761 791.911746 783.982056
256 256 2048 741.944323 726.286407 733.430208 730.635427 735.842807
1024 16 500000 797.251662 797.787387 796.522990 795.780189 796.406836
35 8457 2560 1242.004917 1231.908958 1230.708462 1237.744528 1242.004917
64 18496 128 1501.677225 1512.167984 1522.806352 1476.795634 1509.155697
128 4624 256 1538.266315 1516.709029 1532.044813 1530.497293 1510.660339
256 1156 512 1281.888596 1266.883211 1299.478834 1317.558539 1269.005293
512 289 1024 896.033306 886.595857 855.557493 872.304157 885.042243
28269 289 1024 1717.685361 1720.086928 1719.132561 1717.896995 1717.579564
256 3136 64 836.811466 778.488242 834.094545 836.811466 815.559111
64 3136 64 288.652944 299.418555 291.271111 293.937208 285.445689
64 3136 256 887.395924 854.912213 846.461680 872.329779 888.931211
512 784 128 836.811466 806.596923 827.378808 856.337067 836.811466
128 784 512 814.266624 818.156433 845.069474 790.464985 838.176574
