2048 32 5000 1110.403253 1147.338936 1180.828829 1169.867904 1194.604448
2304 32 5000 1237.462236 1226.755408 1234.147975 1232.497492 1235.802883
2560 32 5000 1302.798982 1274.821040 1302.384738 1299.080241 1295.382669
2816 32 5000 1354.253081 1340.154670 1353.846154 1342.150730 1342.150730
3072 32 5000 1383.783784 1386.125212 1370.281572 1404.342857 1390.045249
3328 32 5000 1402.739726 1426.413073 1425.649264 1427.177700 1421.083533
3584 32 5000 1463.977534 1464.725415 1456.540513 1446.984608 1432.525606
3840 32 5000 1481.195757 1458.689459 1470.208184 1463.902788 1465.648855
4096 32 5000 1473.712615 1496.597397 1475.039388 1491.149033 1490.470776
4352 32 5000 1461.322141 1475.254237 1466.554339 1464.703408 1450.968952
4608 32 5000 1467.223881 1474.265147 1475.445267 1464.600715 1484.655658
4864 32 5000 1459.564891 1474.777336 1437.458441 1463.407296 1462.582221
5120 32 5000 1473.116346 1485.672833 1459.469090 1476.302036 1478.166727
5376 32 5000 1374.277041 1439.116614 1480.481928 1477.684247 1467.849829
5632 32 5000 1475.794301 1482.105263 1490.193484 1495.883134 1476.761717
5888 32 5000 1475.227059 1481.956898 1488.513193 1480.326838 1470.621293
6144 32 5000 1483.610021 1498.993596 1505.190629 1499.450885 1500.137342
6400 32 5000 1489.454545 1495.327103 1504.775900 1496.419699 1497.076023
6656 32 5000 1519.851577 1513.372176 1512.512427 1508.441926 1505.669447
6912 32 5000 1500.162778 1510.819672 1512.472648 1523.725544 1509.582310
7168 32 5000 1521.061008 1521.061008 1517.237730 1532.442544 1522.878768
7424 32 5000 1525.414152 1527.965012 1537.856033 1519.754350 1528.554884
7680 32 5000 1538.307461 1539.849624 1545.465979 1548.582231 1535.616096
7936 32 5000 1538.543560 1537.798232 1541.719281 1543.968872 1540.223193
8192 32 5000 1556.674584 1545.295921 1554.827995 1556.120147 1550.597421
8448 32 5000 1543.894917 1562.094071 1557.055639 1534.779153 1549.736299
8704 32 5000 1566.524184 1564.236774 1559.158083 1565.643620 1569.525527
8960 32 5000 1559.786748 1563.699825 1556.399957 1561.825907 1555.555556
9216 32 5000 1573.367478 1578.758030 1578.758030 1572.193198 1580.789022
9472 32 5000 1581.797307 1564.811564 1571.953117 1570.161625 1576.859848
9728 32 5000 1579.861957 1583.397762 1588.893426 1584.042337 1588.082849
9984 32 5000 1592.820820 1586.335650 1584.290390 1584.761905 1589.967154
10240 32 5000 1590.525192 1587.289285 1596.569869 1595.636930 1596.881092
10496 32 5000 1591.508719 1588.948813 1586.846830 1597.868696 1584.899962
10752 32 5000 1602.981737 1608.376963 1602.981737 1604.776119 1600.446553
11008 32 5000 1604.957171 1603.058160 1594.351408 1608.181154 1601.163636
11264 32 5000 1611.589019 1601.991111 1609.861545 1610.293066 1618.100198
11520 32 5000 1607.114831 1613.162962 1598.057916 1604.317173 1609.359993
11776 32 5000 1615.502015 1609.705254 1609.017933 1613.703323 1611.081659
12032 32 5000 1611.113901 1613.138931 1613.950369 1619.244680 1618.972332
