2048 256 5000 1571.512499 1924.416385 1925.405802 1916.677634 1928.096499
2304 256 5000 1955.520191 1960.460015 1946.613861 1952.671655 1958.897376
2560 256 5000 1994.036390 1986.300539 1982.455079 1973.143855 1985.939394
2816 256 5000 2010.418874 2013.451011 1976.140351 2004.270463 2014.126062
3072 256 5000 2030.235440 2026.677662 2031.599070 2032.019017 2028.768961
3328 256 5000 1869.252710 2033.336516 2029.461648 2029.558340 2032.560359
3584 256 5000 2057.552924 2053.960152 2060.047600 2056.630503 2058.383811
3840 256 5000 2068.948100 2066.860098 2056.310923 2072.524878 2069.645038
4096 256 5000 2082.077757 2081.416491 2084.644135 2077.046193 2080.342830
4352 256 5000 2044.317223 2038.780515 2024.995456 2039.153672 2044.467281
4608 256 5000 2078.748150 2078.748150 2081.168625 2074.361680 2081.315502
4864 256 5000 2021.730800 2080.021382 2075.514218 2078.632479 2075.514218
5120 256 5000 1914.745669 2104.762822 2122.004922 2115.565885 2118.643520
5376 256 5000 2102.181218 2106.299357 2100.833461 2106.557277 2103.595011
5632 256 5000 2132.828402 2107.883041 2134.912785 2133.775344 2137.508154
5888 256 5000 2126.771454 2131.704144 2129.295098 2126.771454 2125.511873
6144 256 5000 2154.018077 2154.077077 2157.918999 2154.313108 2142.457842
6400 256 5000 2145.682181 2147.651007 2133.000052 2145.232671 2152.617196
6656 256 5000 2176.052309 2174.108761 2175.663321 2174.608198 2177.387037
6912 256 5000 2167.461231 2167.620541 2163.644812 2169.374494 2168.364296
7168 256 5000 2192.520372 2190.583516 2193.935916 2187.710723 2192.153677
7424 256 5000 2175.780195 2185.085884 2180.773379 2184.734228 2187.198196
7680 256 5000 2203.631473 2203.730273 2206.500269 2205.163866 2205.559669
7936 256 5000 2198.718615 2199.718487 2201.386963 2197.624559 2198.242805
8192 256 5000 2217.706527 2218.879743 2219.772217 2218.504179 2216.768847
8448 256 5000 2209.800956 2214.870345 2208.492127 2210.207460 2211.201767
8704 256 5000 2230.320501 2230.543766 2232.644636 2230.052643 2231.929002
8960 256 5000 2223.238863 2224.661998 2222.635659 2224.618846 2225.309480
9216 256 5000 2239.738746 2237.911671 2241.781798 2239.313578 2241.441031
9472 256 5000 2231.166728 2235.280236 2233.797627 2236.187244 2234.373963
9728 256 5000 2249.167299 2250.793536 2247.218914 2251.485399 2249.004804
9984 256 5000 2240.802371 2246.632562 2243.241061 2245.803458 2242.689925
10240 256 5000 2257.137937 2259.394608 2257.565580 2258.771627 2259.667270
10496 256 5000 2248.741296 2252.133973 2252.927071 2254.779807 2251.605551
10752 256 5000 2264.100286 2248.123101 2265.367395 2265.964173 2264.584602
11008 256 5000 2259.101185 2257.183135 2258.739039 2260.732279 2259.535913
11264 256 5000 2254.385115 2272.650179 2274.119874 2274.586272 2269.895148
11520 256 5000 2262.323755 2265.834844 2265.277906 2267.019249 2265.556341
11776 256 5000 2277.653032 2277.584201 2278.479329 2277.412142 2278.892702
12032 256 5000 2270.155216 2271.796082 2274.782506 2273.338647 2274.345797
