2048 256 5000 407.416502 401.716317 406.809541 406.872682 405.494370
2304 256 5000 397.241379 397.873776 398.858519 398.179977 398.201483
2560 256 5000 409.461807 409.646085 408.125646 408.665178 408.818135
2816 256 5000 401.532840 403.375187 402.753196 402.204914 402.406975
3072 256 5000 406.370203 408.595536 407.820035 406.336609 405.185170
3328 256 5000 400.522768 400.146538 399.939913 401.489147 401.466444
3584 256 5000 402.799168 406.363604 404.243770 405.989593 407.551327
3840 256 5000 397.953235 396.886405 398.295059 398.546964 396.527800
4096 256 5000 403.112410 402.292730 400.262623 399.658495 400.045782
4352 256 5000 393.520631 390.880832 392.840722 392.788092 396.534763
4608 256 5000 400.698374 419.436365 417.172846 416.651244 415.966600
4864 256 5000 401.516832 406.304125 405.481165 403.821631 403.392532
5120 256 5000 410.847951 411.128886 408.232421 410.282094 409.512978
5376 256 5000 399.851246 400.495871 403.085845 403.291371 402.228210
5632 256 5000 409.616292 407.947350 405.919052 406.553161 408.039712
5888 256 5000 398.350917 392.901679 393.665121 393.369243 392.596721
6144 256 5000 401.244911 406.613929 400.295221 400.570474 400.697013
6400 256 5000 388.688556 389.931838 389.779702 389.229665 389.274055
6656 256 5000 396.162842 405.141496 398.646796 396.727342 396.995396
6912 256 5000 395.607226 393.861934 394.862136 392.338905 393.749750
7168 256 5000 401.303410 401.480768 399.307145 400.798536 400.246036
7424 256 5000 395.082424 395.181003 395.213874 394.967476 393.414064
7680 256 5000 400.585165 406.754414 400.356763 401.050931 402.081084
7936 256 5000 392.982239 393.525743 393.626387 394.500800 393.362686
8192 256 5000 397.410670 399.672205 398.050321 399.198995 400.690889
8448 256 5000 391.947515 391.745885 393.509343 392.557930 390.500953
8704 256 5000 396.731037 397.562055 396.317534 396.904881 397.107183
8960 256 5000 390.475088 390.071356 388.675383 389.971880 388.898120
9216 256 5000 394.270015 393.976374 394.309552 393.609610 394.179111
9472 256 5000 388.398183 389.864430 389.057501 387.687782 389.643913
9728 256 5000 391.911142 395.385627 400.096395 397.836346 397.303204
9984 256 5000 395.543010 392.502250 392.802651 393.020095 391.667407
10240 256 5000 396.873988 396.330364 398.070872 396.801899 396.407077
10496 256 5000 391.235774 390.683987 391.607544 391.879404 392.254689
10752 256 5000 396.503581 396.798524 396.068827 397.328922 397.964282
11008 256 5000 392.200656 390.204348 390.255143 391.050128 391.084860
11264 256 5000 394.120686 394.939011 395.114345 393.617132 394.870868
11520 256 5000 388.772588 390.665734 388.110535 388.353810 388.000242
11776 256 5000 392.589564 384.720698 384.771765 392.921138 394.731081
12032 256 5000 388.381559 387.353934 386.379225 385.673860 387.019083
