2048 32 5000 32.919760 184.048528 184.858400 184.806272 189.750420
2304 32 5000 185.553934 189.065545 189.347167 189.883589 187.164907
2560 32 5000 192.237293 184.272089 186.903947 185.683848 184.471266
2816 32 5000 182.154841 182.664396 183.385567 184.187720 182.909106
3072 32 5000 186.761912 186.676795 185.451253 187.281387 188.886327
3328 32 5000 184.147185 181.758602 183.892803 183.360882 183.911857
3584 32 5000 181.802042 185.303432 183.090677 181.727143 184.421432
3840 32 5000 177.844675 179.392099 180.642126 180.599647 178.500872
4096 32 5000 180.093432 180.888766 180.863806 180.390862 180.152840
4352 32 5000 178.305849 178.232825 178.127958 177.682513 179.099257
4608 32 5000 181.399469 179.596609 180.728030 180.109930 181.779630
4864 32 5000 178.733177 179.811003 179.334501 178.005489 178.405392
5120 32 5000 180.647438 180.488235 179.142339 179.181522 179.283479
5376 32 5000 179.379379 178.216099 179.185068 177.579586 178.423116
5632 32 5000 179.871452 179.380910 180.029568 179.968445 180.567077
5888 32 5000 178.403969 177.452956 177.586759 179.909862 177.955760
6144 32 5000 180.952030 181.025339 181.469790 179.455631 180.652749
6400 32 5000 180.427811 179.052282 179.356489 178.655547 179.136854
6656 32 5000 180.918728 179.126369 180.823499 181.004827 177.617666
6912 32 5000 179.078956 178.711439 177.501003 178.575811 179.116661
7168 32 5000 181.474097 180.605335 179.629427 179.292448 180.250523
7424 32 5000 179.099257 180.489880 178.988608 178.389175 178.985911
7680 32 5000 181.177477 181.116057 180.234093 181.118727 181.667652
7936 32 5000 178.216932 178.159420 177.559011 178.791591 177.882379
8192 32 5000 181.294088 180.467857 179.861130 179.663898 179.030760
8448 32 5000 179.118243 178.065842 178.451383 179.160978 178.498514
8704 32 5000 181.297924 180.651187 179.563418 180.165075 179.083135
8960 32 5000 178.730832 178.595009 179.334501 179.072411 178.989687
9216 32 5000 181.831186 180.661603 180.169349 181.479840 180.004395
9472 32 5000 179.640605 178.966014 177.729826 178.716981 179.670421
9728 32 5000 181.526404 179.983580 180.021050 181.055521 179.049810
9984 32 5000 178.037336 178.126673 178.962817 178.110784 176.886025
10240 32 5000 179.183482 177.750776 179.595953 178.280740 179.091426
10496 32 5000 177.385316 177.497807 179.038156 178.073738 178.442707
10752 32 5000 179.226137 180.647058 180.489750 180.028883 180.408360
11008 32 5000 178.171629 179.544736 181.123383 181.261321 181.343437
11264 32 5000 181.868088 180.822523 181.478013 182.184303 182.466513
11520 32 5000 181.612163 181.386973 179.738466 180.458195 180.652749
11776 32 5000 180.416340 182.692252 182.315716 180.533890 182.238127
12032 32 5000 181.024204 182.282316 181.360164 179.726273 179.540219
