128 2048 4096 588.577440 568.237629 567.876996 567.907031 567.067243
320 3072 4096 1012.683745 1026.835957 1024.250061 1025.162777 1027.228899
1632 36548 1024 1470.727638 1464.489390 1465.167417 1465.371300 1465.107670
2048 4096 32 304.107235 306.363223 302.156074 300.061990 300.734322
31999 1024 88 395.112825 391.348365 393.597309 395.226553 393.076855
84 1024 4096 369.930214 359.878995 364.608854 363.330449 365.213575
256 256 2048 207.735224 207.254058 207.478324 208.250936 208.283253
1024 16 500000 135.932061 134.789827 134.029659 133.817726 132.469393
35 8457 2560 552.656407 551.891624 553.665936 555.166825 553.059777
64 18496 128 666.898028 666.898028 677.635206 678.545598 679.458439
128 4624 256 494.191885 497.273489 495.646817 498.746649 496.947301
256 1156 512 466.643770 464.925535 469.535891 468.664497 467.363455
512 289 1024 273.846434 273.895936 273.796950 273.056825 274.590852
28269 289 1024 332.912102 335.634124 332.207477 337.047197 334.966218
256 3136 64 257.415952 263.083584 258.321890 257.415952 251.740441
64 3136 64 128.966426 128.579139 126.552276 128.194172 126.677081
64 3136 256 362.342906 358.050341 366.478060 355.081023 359.051181
512 784 128 254.105955 255.242047 254.231687 251.370959 253.229295
128 784 512 172.764707 173.875547 172.301221 173.757944 173.640500
