2048 256 5000 424.201822 419.282812 419.954503 421.392403 421.595716
2304 256 5000 408.748441 410.517964 408.986520 408.686132 407.269513
2560 256 5000 420.129495 419.264036 417.969846 415.647674 412.477027
2816 256 5000 406.633424 407.594450 406.385857 407.649766 408.143669
3072 256 5000 418.172537 420.939046 421.047221 420.187859 421.530182
3328 256 5000 413.063378 415.217412 411.340286 412.471436 409.722129
3584 256 5000 414.863582 415.551288 415.931819 415.517413 416.907040
3840 256 5000 407.650074 406.618134 409.617067 408.039250 407.349395
4096 256 5000 419.648617 419.712447 419.793101 418.229246 418.543089
4352 256 5000 409.819977 409.440439 406.818082 409.868223 408.677471
4608 256 5000 418.139927 418.677153 419.311129 419.010272 417.716463
4864 256 5000 408.602687 406.611937 405.182972 399.738042 399.092319
5120 256 5000 418.402135 432.552307 428.558350 430.953759 430.594156
5376 256 5000 410.906094 414.582392 415.481035 416.094039 414.722314
5632 256 5000 419.613504 421.576608 424.301068 424.495949 423.742403
5888 256 5000 411.130568 408.153716 409.742519 409.624488 408.786870
6144 256 5000 419.271636 420.169899 418.954468 419.793101 419.490807
6400 256 5000 405.418112 405.582703 404.897120 405.968611 405.588727
6656 256 5000 413.201608 417.827997 380.397200 377.626977 378.674323
6912 256 5000 373.155178 373.129998 373.147309 372.463963 372.809250
7168 256 5000 377.586093 377.478904 378.500443 377.685569 377.289531
7424 256 5000 371.680571 372.711228 371.948255 372.442445 372.568023
7680 256 5000 376.801040 391.262816 375.234751 376.137838 376.887717
7936 256 5000 370.509730 370.249091 369.805633 370.338180 370.665207
8192 256 5000 375.084866 375.633085 374.965492 374.989629 375.861982
8448 256 5000 368.356617 369.022861 368.621569 369.505819 368.733440
8704 256 5000 374.324084 374.038810 373.592296 375.142095 374.171967
8960 256 5000 369.038694 369.706074 369.068383 369.372677 368.687534
9216 256 5000 373.927570 373.380769 373.311055 373.590068 373.556943
9472 256 5000 370.254233 370.258756 370.843134 371.124654 371.081491
9728 256 5000 374.225813 384.579558 384.358756 385.286400 384.087257
9984 256 5000 380.461751 379.466470 380.629462 380.504798 380.657806
10240 256 5000 384.156814 384.555803 383.301896 384.142178 383.422993
10496 256 5000 379.085897 377.713177 378.336487 377.454247 379.097663
10752 256 5000 382.933684 383.356082 383.600773 382.989097 383.419094
11008 256 5000 379.823597 380.339303 380.161775 380.490281 379.644504
11264 256 5000 383.165907 383.465518 383.046804 382.167537 383.552227
11520 256 5000 379.890456 380.541433 380.187237 379.974644 379.742728
11776 256 5000 384.156912 383.394760 382.369669 381.704457 382.771659
12032 256 5000 378.168746 378.414982 378.659677 377.849581 378.499613
