2048 32 5000 164.053269 161.474400 161.769352 161.204310 160.477986
2304 32 5000 158.602590 157.430817 157.727195 158.038241 157.323319
2560 32 5000 162.681706 163.258799 163.912121 162.533233 163.591341
2816 32 5000 160.490133 158.280053 159.034273 160.227596 157.936063
3072 32 5000 163.084376 163.425987 162.089434 164.735060 161.259843
3328 32 5000 161.705488 160.874951 160.855512 161.862784 161.225664
3584 32 5000 161.209974 162.751887 161.705488 163.099064 162.002430
3840 32 5000 160.472223 161.569411 160.774565 159.336100 160.833486
4096 32 5000 162.640526 161.367050 161.897233 162.358479 162.899257
4352 32 5000 159.326377 159.111578 159.439471 158.766930 158.651173
4608 32 5000 161.822611 159.391214 162.421519 161.478821 162.100125
4864 32 5000 158.436482 160.062524 158.462290 159.465607 158.069627
5120 32 5000 161.037940 159.968756 160.507857 160.009376 160.589665
5376 32 5000 159.029729 158.976823 159.489728 158.665978 158.677686
5632 32 5000 158.408044 160.219049 159.445113 159.654158 158.558559
5888 32 5000 158.067114 158.529936 158.601997 159.288504 158.215773
6144 32 5000 161.212240 161.312767 160.792973 160.829802 159.932320
6400 32 5000 158.624429 158.516386 158.232249 158.129623 158.801545
6656 32 5000 160.281745 161.176862 160.149177 160.368636 158.897079
6912 32 5000 158.962786 159.251206 158.550292 158.981068 158.682240
7168 32 5000 160.533020 159.648097 159.499339 160.470127 160.573477
7424 32 5000 159.390264 159.279125 158.655785 159.010468 159.969833
7680 32 5000 161.105503 160.457555 160.757738 160.551897 160.726198
7936 32 5000 160.048402 159.225541 159.367430 160.296921 159.379432
8192 32 5000 161.931236 161.390893 161.577909 161.733422 161.228105
8448 32 5000 160.516816 159.825947 159.358642 159.086683 160.353050
8704 32 5000 161.429946 161.006289 159.968756 161.064014 161.091961
8960 32 5000 160.053589 159.324294 159.819846 160.107215 159.554814
9216 32 5000 161.891901 161.833267 161.618642 161.973703 161.556666
9472 32 5000 161.131253 161.355990 160.970377 161.064467 160.837127
9728 32 5000 161.178018 161.132966 160.816647 161.472306 161.868611
9984 32 5000 160.383932 160.595154 160.139545 160.943026 160.025645
10240 32 5000 161.328121 161.317002 161.908432 161.144060 160.319386
10496 32 5000 159.932955 160.122044 159.782309 159.855314 159.724560
10752 32 5000 160.646951 161.341511 161.004782 160.912917 161.256819
11008 32 5000 159.680870 160.412397 159.972388 160.573268 160.119275
11264 32 5000 159.947460 160.348770 159.599019 160.733461 160.448698
11520 32 5000 159.447746 160.212783 159.979169 159.032278 159.232863
11776 32 5000 160.019024 160.194530 159.959250 160.153680 160.646624
12032 32 5000 158.855323 159.031168 159.204770 159.208720 159.424947
