2048 32 5000 75.088797 81.601753 81.977384 82.933867 83.515139
2304 32 5000 184.689379 187.899485 188.235294 192.090042 191.391932
2560 32 5000 216.685182 216.673720 217.744936 216.627882 216.033755
2816 32 5000 216.615385 220.473674 214.890065 212.618564 217.556736
3072 32 5000 191.044776 188.531318 185.794746 197.731113 187.409921
3328 32 5000 194.940509 188.708934 192.662277 178.474946 191.230023
3584 32 5000 158.185981 160.830178 159.302164 159.599221 160.228003
3840 32 5000 253.999752 252.933185 252.797893 248.734869 249.259605
4096 32 5000 31.014150 30.586566 30.844390 30.812486 30.468681
4352 32 5000 204.523292 210.076631 212.092230 203.578529 208.074107
4608 32 5000 269.031199 271.538008 270.145097 267.751307 270.293654
4864 32 5000 212.866521 212.251132 187.953437 213.538208 210.853721
5120 32 5000 185.587096 191.863597 188.655781 190.866729 191.009140
5376 32 5000 285.416598 286.223879 285.663047 285.388188 284.265838
5632 32 5000 213.966520 211.287486 213.272744 215.444939 213.717864
5888 32 5000 222.178199 221.660667 221.504314 219.486510 218.549622
6144 32 5000 141.387642 142.002398 137.613215 146.333621 142.726058
6400 32 5000 55.166172 55.144485 55.460774 55.351950 55.504363
6656 32 5000 54.637710 55.168698 54.664353 55.015085 53.540599
6912 32 5000 53.440286 53.451134 53.716728 53.665378 53.277322
7168 32 5000 55.424377 56.106295 55.164187 55.956284 55.540866
7424 32 5000 53.656642 52.472921 53.588620 52.854670 53.984384
7680 32 5000 53.753281 55.069060 54.893902 55.565353 55.022702
7936 32 5000 55.206957 55.059493 55.915873 54.279949 55.234334
8192 32 5000 41.725666 41.018580 41.128885 41.223703 41.059055
8448 32 5000 54.549197 55.397402 54.505204 55.256316 55.071932
8704 32 5000 54.741708 56.132205 55.220105 55.274898 54.099494
8960 32 5000 53.290114 54.002539 53.330952 53.203294 52.836419
9216 32 5000 54.778277 55.366939 54.366068 55.384823 54.312002
9472 32 5000 53.447315 53.653373 53.682260 53.670094 53.704137
9728 32 5000 53.891378 54.239556 53.742145 54.263382 53.790620
9984 32 5000 55.116448 55.221239 55.143274 55.179084 55.187281
10240 32 5000 60.430806 60.595077 60.030704 59.804351 60.701266
10496 32 5000 56.235664 56.393346 56.510620 56.235475 53.244896
10752 32 5000 53.668093 54.282126 54.150050 54.278358 53.931232
11008 32 5000 53.398497 52.840197 53.012759 53.462359 53.140718
11264 32 5000 58.008781 57.116598 57.640692 57.194722 57.972021
11520 32 5000 54.337060 54.926782 54.685924 54.972651 54.757894
11776 32 5000 56.344161 56.581042 56.152063 56.592088 56.175836
12032 32 5000 55.023237 55.018519 54.981750 55.110185 54.997615
