2048 256 5000 239.729310 234.094765 238.925245 237.949314 239.355010
2304 256 5000 218.590965 210.301427 222.273138 212.857545 219.968673
2560 256 5000 212.364145 223.596042 211.943832 219.605530 210.053975
2816 256 5000 209.607881 199.186561 208.856080 203.617629 207.071908
3072 256 5000 243.542243 254.863402 248.272204 255.532522 245.629509
3328 256 5000 213.728294 213.690769 215.470994 214.110729 209.098584
3584 256 5000 237.697800 245.440051 237.595620 251.620511 239.022967
3840 256 5000 190.904536 180.316081 194.432687 182.651931 194.711510
4096 256 5000 231.526885 240.430703 231.565744 238.881700 237.784198
4352 256 5000 200.012208 198.810824 199.845736 197.201926 199.911000
4608 256 5000 194.568918 225.862458 194.744297 222.414788 186.241194
4864 256 5000 194.324382 204.969909 200.663300 203.089108 197.032761
5120 256 5000 230.512195 233.012746 221.409145 227.135198 220.469156
5376 256 5000 181.560763 174.817720 182.771663 174.744027 178.240564
5632 256 5000 180.190665 211.958414 180.599195 211.298014 177.666929
5888 256 5000 205.665135 169.795771 180.936536 166.944441 178.216239
6144 256 5000 261.045867 234.392687 236.552917 231.978313 257.692787
6400 256 5000 178.696857 181.493109 178.939643 184.378264 175.165875
6656 256 5000 198.443141 180.787815 191.666254 182.662687 189.652424
6912 256 5000 168.036238 165.268656 173.707895 165.319919 173.159509
7168 256 5000 198.456910 225.021828 218.715271 225.724900 219.702499
7424 256 5000 187.822691 173.987363 185.106143 170.820061 181.632813
7680 256 5000 172.117715 161.523219 168.697070 162.533233 168.963538
7936 256 5000 166.043559 178.788444 175.274090 179.541482 174.827033
8192 256 5000 242.526627 238.366902 237.307407 241.022588 237.661858
8448 256 5000 177.943945 174.874304 172.416410 176.383542 169.433885
8704 256 5000 192.528103 193.226312 190.785017 188.506968 187.879135
8960 256 5000 177.018250 165.793282 172.102648 161.595212 174.013580
9216 256 5000 201.885972 180.596329 191.872897 189.755914 194.311561
9472 256 5000 173.320391 178.129343 167.838875 180.683351 168.406081
9728 256 5000 185.152792 197.989865 189.299255 196.354186 189.325447
9984 256 5000 181.089982 176.357785 167.046872 178.959810 167.668649
10240 256 5000 229.207361 240.669980 241.137988 237.324164 231.590293
10496 256 5000 176.404983 187.279124 178.493678 189.565146 177.648487
10752 256 5000 181.822698 192.532634 180.886151 187.910175 180.726765
11008 256 5000 191.659355 186.097720 190.494371 185.790254 190.020391
11264 256 5000 216.089770 214.205254 212.068466 213.641860 215.624406
11520 256 5000 170.950595 162.297810 172.998949 159.667187 173.473361
11776 256 5000 204.635402 194.231785 188.549870 198.334458 185.056757
12032 256 5000 189.371976 186.992904 182.396517 185.346504 187.664623
