32 2048 5000 232.446620 210.794468 212.186751 210.740241 212.076888
32 2304 5000 234.503817 234.533656 228.528919 233.953164 233.523375
32 2560 5000 256.561228 258.896404 263.917526 264.890383 265.715212
32 2816 5000 284.390583 284.840056 278.760131 276.552909 283.996218
32 3072 5000 293.042390 303.332510 298.560408 303.707365 300.826244
32 3328 5000 297.840922 308.863109 305.917500 308.094659 309.096186
32 3584 5000 307.821139 300.734214 310.252665 307.804616 306.734421
32 3840 5000 306.220096 294.803512 307.246087 310.648195 309.178744
32 4096 5000 305.928485 299.606839 303.998516 298.569476 308.085747
32 4352 5000 195.804510 202.306865 201.603984 205.713610 198.172866
32 4608 5000 208.695652 207.386571 212.472622 204.017931 209.770393
32 4864 5000 201.350547 206.178138 209.418223 211.938998 210.130684
32 5120 5000 222.614745 215.340939 222.053562 225.321121 219.377644
32 5376 5000 226.554640 222.666322 223.134193 226.877324 223.250019
32 5632 5000 236.937316 223.038463 224.321028 224.376883 228.305042
32 5888 5000 233.807361 234.062958 234.045513 234.476579 232.589374
32 6144 5000 244.464339 242.815858 244.409637 243.086053 243.260498
32 6400 5000 110.892118 114.848420 113.406058 111.702592 109.760542
32 6656 5000 109.737650 110.199816 111.531654 111.028170 111.198588
32 6912 5000 112.907738 111.275230 111.046179 111.236057 108.486281
32 7168 5000 110.832150 110.410690 110.727285 112.218080 111.909292
32 7424 5000 109.925133 110.992338 109.174464 110.624348 108.993146
32 7680 5000 108.976747 108.131891 108.676041 108.544525 109.618370
32 7936 5000 107.314847 108.757023 108.490332 109.927365 109.158120
32 8192 5000 110.668119 109.993874 109.401709 110.355976 110.322537
32 8448 5000 110.298006 110.435884 110.575012 109.798952 111.397913
32 8704 5000 110.269688 109.912000 110.722066 110.205115 110.901055
32 8960 5000 109.711487 111.440187 111.573753 110.558422 111.318176
32 9216 5000 111.482747 110.895855 111.910870 112.051187 111.112283
32 9472 5000 109.868059 111.776376 111.984512 111.917527 111.256139
32 9728 5000 111.993898 111.702945 112.828468 112.945547 110.395699
32 9984 5000 112.489437 113.423129 112.707697 111.285738 111.180401
32 10240 5000 110.374562 113.139795 112.189978 111.724834 110.405801
32 10496 5000 111.056297 110.049082 110.080101 109.887061 111.955094
32 10752 5000 107.873961 107.763816 109.227360 108.897554 109.002433
32 11008 5000 108.479253 108.891719 107.459991 107.786835 107.214035
32 11264 5000 108.647215 107.359266 107.945711 109.502081 109.759499
32 11520 5000 108.570419 109.406255 109.002525 109.248031 111.175449
32 11776 5000 110.189950 111.909909 108.676668 110.177064 106.820875
32 12032 5000 107.202441 107.006398 107.448958 108.833323 108.756468
