256 2048 5000 279.784407 314.181958 312.422086 313.149847 315.069349
256 2304 5000 313.549375 319.705133 320.514715 319.725929 322.752643
256 2560 5000 319.049705 318.745562 321.053457 322.031566 324.528825
256 2816 5000 313.340404 315.479546 312.057278 315.634249 310.859666
256 3072 5000 312.895679 309.504357 318.620556 316.616879 316.535319
256 3328 5000 320.336893 327.279712 328.978199 322.852119 324.359062
256 3584 5000 328.480084 338.647336 328.132354 330.472493 335.036443
256 3840 5000 327.907349 328.255541 331.297772 326.279175 328.181023
256 4096 5000 331.567630 331.056779 331.956008 330.270560 332.608847
256 4352 5000 339.277296 338.878953 342.736200 342.852219 341.532142
256 4608 5000 341.582404 335.214886 342.695787 340.889467 337.590146
256 4864 5000 338.928871 336.198201 341.105182 338.816359 342.569136
256 5120 5000 318.051006 326.228284 326.332248 330.450830 330.862901
256 5376 5000 313.359472 325.876815 322.196522 325.013343 323.678715
256 5632 5000 323.254354 317.910046 320.169123 318.041885 319.703400
256 5888 5000 317.634465 317.320186 316.143511 320.112811 320.078824
256 6144 5000 314.169406 318.765200 318.991470 322.363686 322.045545
256 6400 5000 313.042149 321.365805 318.268174 319.565591 321.609303
256 6656 5000 325.060760 321.560457 321.394270 324.487542 326.393257
256 6912 5000 320.954226 328.080988 328.479300 328.219739 327.108166
256 7168 5000 320.736064 324.398936 327.872039 327.616817 329.385748
256 7424 5000 312.213585 311.818134 312.770551 313.971361 316.439839
256 7680 5000 315.852381 316.488951 318.448187 322.514394 325.565991
256 7936 5000 326.574913 328.051439 326.313693 327.465563 324.490572
256 8192 5000 329.278027 326.303407 329.671421 324.306202 330.244555
256 8448 5000 333.241087 326.271102 330.226749 329.643878 331.423072
256 8704 5000 332.084020 329.526317 327.385353 327.205552 327.487360
256 8960 5000 331.351373 326.354070 326.233388 326.476700 324.743392
256 9216 5000 334.557954 326.341998 326.716187 331.381346 328.803412
256 9472 5000 333.269011 329.980948 331.401550 331.111026 333.158201
256 9728 5000 335.938790 330.785027 331.101674 331.351902 331.768612
256 9984 5000 327.637995 331.865763 329.291841 332.089985 330.273067
256 10240 5000 330.068873 330.981541 333.400316 330.437501 334.136350
256 10496 5000 330.646138 329.535849 333.313816 333.015559 329.575461
256 10752 5000 333.032305 332.555903 333.823141 333.195980 332.221147
256 11008 5000 333.836567 337.307380 335.576186 334.528499 334.810689
256 11264 5000 332.610957 335.385481 334.986513 333.343044 335.061247
256 11520 5000 335.505479 333.076581 334.931642 333.730912 332.920915
256 11776 5000 336.583362 332.980911 330.272640 334.914890 334.626408
256 12032 5000 336.752249 332.152755 333.715999 329.440051 333.090956
