64 2048 5000 230.671219 226.603506 221.315683 229.491893 224.392248
64 2304 5000 251.348311 250.784040 251.451178 247.127438 247.334698
64 2560 5000 248.981825 249.778943 247.365401 246.799024 250.749923
64 2816 5000 254.618406 254.460226 252.287362 252.442851 254.467412
64 3072 5000 298.950826 305.538634 306.386162 304.695782 150.888718
64 3328 5000 226.905868 224.547199 222.799640 227.881797 224.504596
64 3584 5000 232.595116 228.184875 233.775658 227.532983 225.817122
64 3840 5000 232.454315 230.258966 233.470132 234.244538 234.374106
64 4096 5000 234.107309 232.685958 230.919117 233.735756 236.127475
64 4352 5000 234.597308 235.816852 233.943120 239.709451 232.052521
64 4608 5000 241.055402 238.706231 234.675494 238.005004 244.667153
64 4864 5000 239.311193 243.851541 237.055088 239.370079 240.885243
64 5120 5000 239.165024 241.118469 239.781059 242.341769 246.583589
64 5376 5000 244.294235 246.616110 241.421314 244.062026 236.512366
64 5632 5000 241.522380 240.311483 241.956878 240.507106 242.667098
64 5888 5000 245.730085 241.999538 244.448481 244.680216 245.948204
64 6144 5000 244.118304 242.059515 244.136492 241.204255 236.954190
64 6400 5000 238.883964 237.498840 235.974605 233.720585 239.263517
64 6656 5000 236.931565 237.406929 237.695716 235.082724 237.682453
64 6912 5000 235.217049 237.870624 237.082771 235.791269 239.260101
64 7168 5000 230.614399 236.814338 237.319069 235.397467 237.611619
64 7424 5000 238.507720 227.237771 230.319835 233.008033 235.346331
64 7680 5000 231.547608 237.286499 238.095699 236.760725 231.569426
64 7936 5000 240.664891 235.323770 237.242977 237.032612 236.995007
64 8192 5000 238.631626 237.621465 233.825405 235.951072 233.781615
64 8448 5000 230.847267 231.592835 232.459112 235.500732 236.941469
64 8704 5000 233.770332 241.239596 237.690411 234.749555 239.490972
64 8960 5000 236.600843 236.267449 235.016393 232.208949 235.103112
64 9216 5000 239.953134 236.556000 239.538000 235.631761 239.806796
64 9472 5000 237.146456 239.069291 238.692759 237.384188 239.056092
64 9728 5000 239.195347 237.661376 237.567062 240.485148 236.620832
64 9984 5000 238.864175 240.160564 239.938718 238.459472 240.788641
64 10240 5000 241.035109 242.008863 238.288465 239.257577 241.605592
64 10496 5000 242.090847 242.636499 241.829388 224.999163 238.952760
64 10752 5000 245.969074 242.536004 244.739088 241.392520 244.756498
64 11008 5000 241.036800 246.257096 244.404973 243.415288 244.579760
64 11264 5000 240.381999 241.805924 244.625272 245.372980 243.982807
64 11520 5000 246.252505 245.072164 245.570092 243.874041 247.450915
64 11776 5000 244.812151 245.350904 246.805166 246.717909 244.041629
64 12032 5000 246.511598 247.152468 246.227833 245.328848 245.321032
