2048 128 5000 170.099668 167.898957 173.695021 167.671289 177.263260
2304 128 5000 152.295966 151.939742 152.899212 151.432621 153.172394
2560 128 5000 152.044396 152.264828 151.754288 152.781663 151.859782
2816 128 5000 142.881833 145.795784 143.887971 146.437858 144.332770
3072 128 5000 169.682742 168.030973 171.261324 168.089872 171.228510
3328 128 5000 153.581910 152.439845 152.077398 152.946668 151.978651
3584 128 5000 145.364209 140.060695 143.924002 140.272257 148.562472
3840 128 5000 147.838903 145.229344 149.890217 147.439782 150.065947
4096 128 5000 148.737560 149.762340 146.157663 146.317558 149.058943
4352 128 5000 155.182635 161.325224 157.183731 159.473247 156.029354
4608 128 5000 151.642859 146.632658 155.869031 146.064733 147.781859
4864 128 5000 145.049927 147.626003 144.658981 148.738360 146.377200
5120 128 5000 175.100728 177.814437 174.431479 176.279137 176.513682
5376 128 5000 149.690017 146.068971 151.157192 145.695992 150.993343
5632 128 5000 152.368070 152.670100 151.616920 151.523865 153.781961
5888 128 5000 155.660385 151.391048 158.925740 150.699043 156.371558
6144 128 5000 167.214244 184.242561 168.530051 185.232851 167.234157
6400 128 5000 148.848027 152.991095 143.514350 155.492539 145.245137
6656 128 5000 155.109710 151.497607 154.604745 151.639441 155.619121
6912 128 5000 145.713749 146.294422 149.515324 148.254598 123.425128
7168 128 5000 164.926157 168.961339 162.228147 169.584054 163.610361
7424 128 5000 143.040010 127.838136 142.474692 148.273807 142.863242
7680 128 5000 153.034252 152.099444 152.624159 152.206832 152.220030
7936 128 5000 154.626270 155.033119 151.815706 154.517604 149.059544
8192 128 5000 148.004867 144.925421 149.270287 131.875119 147.556246
8448 128 5000 146.033632 156.946255 150.894614 155.775996 149.722527
8704 128 5000 157.221440 149.836058 157.916282 150.758997 155.895737
8960 128 5000 143.160649 150.418383 143.826718 149.823772 145.370474
9216 128 5000 161.748946 169.906610 160.193811 171.036355 159.031935
9472 128 5000 141.110855 151.171049 145.814211 151.504276 146.531466
9728 128 5000 154.089767 149.637798 152.314222 149.613705 151.411138
9984 128 5000 150.073630 153.495579 148.210620 154.958870 146.798568
10240 128 5000 181.300608 186.469469 180.961191 185.927225 178.160545
10496 128 5000 140.882360 148.494374 142.213189 148.946445 140.968394
10752 128 5000 146.577998 138.933801 145.881315 136.954795 146.239393
11008 128 5000 140.287659 145.644588 142.239451 146.538262 144.160131
11264 128 5000 156.046877 155.441563 158.955023 154.066247 158.240446
11520 128 5000 140.870313 142.541456 141.569810 141.051419 142.534842
11776 128 5000 153.349557 147.307028 152.772310 144.927581 154.323918
12032 128 5000 146.350771 153.964334 149.546533 151.862867 150.583524
