128 2048 5000 236.140237 253.098268 255.242250 253.293911 249.101068
128 2304 5000 248.204817 258.277867 249.350649 256.458598 257.192193
128 2560 5000 233.300582 245.854654 238.959221 245.666647 244.752842
128 2816 5000 242.556055 231.793394 246.544460 239.284102 247.438080
128 3072 5000 244.902840 246.086064 243.049993 241.833233 244.476498
128 3328 5000 242.770192 245.625850 246.034423 246.341746 244.871869
128 3584 5000 238.240946 249.498015 248.748536 248.967231 245.382287
128 3840 5000 249.923729 249.424039 253.433981 250.547972 253.379110
128 4096 5000 251.867794 252.513149 253.914627 252.267719 252.561805
128 4352 5000 253.571494 254.073432 254.368116 257.905848 252.328710
128 4608 5000 257.878123 263.159210 257.302145 263.766457 260.984071
128 4864 5000 272.052436 266.945650 273.023558 269.875507 274.499361
128 5120 5000 282.916890 284.619861 281.536214 286.375991 286.616460
128 5376 5000 286.440720 289.879689 290.170612 290.810738 287.522667
128 5632 5000 292.291474 288.305352 295.432229 291.238163 292.447993
128 5888 5000 294.632483 297.228313 293.814666 298.003986 295.232648
128 6144 5000 296.174444 297.600073 297.929279 294.473235 298.202666
128 6400 5000 301.742237 302.777182 296.897651 303.562562 296.716989
128 6656 5000 298.193273 296.243958 304.089660 298.963414 304.267766
128 6912 5000 299.835296 301.739356 301.875256 306.453021 304.757706
128 7168 5000 281.774851 285.939029 283.169759 284.048172 283.553067
128 7424 5000 280.317878 279.557543 279.084629 277.995495 292.999020
128 7680 5000 288.655677 291.997861 286.345127 292.881744 290.671682
128 7936 5000 289.217769 289.148615 292.438349 289.310025 292.895368
128 8192 5000 285.860409 288.754138 288.646036 289.190546 288.019689
128 8448 5000 283.988760 294.656988 285.959391 298.204722 287.206510
128 8704 5000 295.928602 297.382020 296.897019 297.291557 297.884537
128 8960 5000 285.197048 295.788887 293.696767 294.555167 294.773204
128 9216 5000 294.194166 295.429001 293.049669 295.620010 293.137055
128 9472 5000 295.322258 295.030491 290.169686 294.793764 290.474183
128 9728 5000 294.284863 290.746068 294.776713 291.962259 295.260407
128 9984 5000 294.867997 296.883305 294.357250 294.439990 293.629517
128 10240 5000 296.383395 293.172170 295.890955 294.705412 296.602038
128 10496 5000 295.111236 293.982442 299.417874 294.647823 298.819835
128 10752 5000 297.829023 300.320777 295.552081 297.749124 296.138436
128 11008 5000 292.394146 299.098686 297.103240 295.135479 298.146824
128 11264 5000 300.280747 297.333102 297.846601 300.494783 297.984491
128 11520 5000 301.095293 300.761204 299.942638 300.638563 297.132172
128 11776 5000 306.078820 301.143978 303.853892 304.137141 301.376393
128 12032 5000 299.239513 304.259766 303.893541 305.079454 301.813906
