2048 64 5000 88.952833 103.923123 106.284361 109.709388 112.517813
2304 64 5000 162.196410 173.751561 176.243635 172.020532 172.989207
2560 64 5000 204.861458 199.838997 202.927989 193.733002 196.578120
2816 64 5000 169.170406 173.569351 171.387272 175.581622 175.281074
3072 64 5000 175.998568 172.296906 174.821718 179.278901 177.501715
3328 64 5000 68.119511 70.603835 70.387310 70.727625 71.158626
3584 64 5000 69.810390 70.575494 70.586787 71.290575 70.215567
3840 64 5000 68.087747 68.610098 69.357898 67.739428 68.961260
4096 64 5000 70.353453 70.356851 69.832069 70.001762 70.435493
4352 64 5000 69.278334 69.988944 68.945646 69.012270 70.367694
4608 64 5000 66.748751 67.723312 67.173542 67.418936 66.933573
4864 64 5000 67.646573 67.811615 67.462151 67.320635 67.551451
5120 64 5000 73.925344 73.126534 75.578579 76.092106 75.274054
5376 64 5000 66.544948 66.491707 66.334030 66.176080 66.371139
5632 64 5000 66.620091 66.287581 68.573690 66.879922 63.349409
5888 64 5000 67.548596 70.091327 67.622780 67.658476 67.351323
6144 64 5000 79.076857 79.443353 79.620300 79.359018 79.375999
6400 64 5000 66.988306 68.556661 66.241873 68.798710 66.309219
6656 64 5000 68.772542 68.702000 68.506880 68.620104 68.579009
6912 64 5000 66.184312 66.143145 66.342529 65.932179 68.480351
7168 64 5000 69.832919 69.992524 68.378800 70.191716 68.469221
7424 64 5000 65.805941 65.895014 65.883319 65.841140 66.106430
7680 64 5000 67.152128 67.271792 59.629644 64.245774 68.179927
7936 64 5000 66.849177 66.492462 66.763413 66.511096 66.547871
8192 64 5000 72.706698 73.622513 72.616268 73.650437 71.367627
8448 64 5000 66.964578 66.895644 66.762652 66.622800 66.935396
8704 64 5000 66.809147 66.756625 66.527018 66.772469 59.597049
8960 64 5000 65.174153 64.961812 64.985075 65.096912 65.290359
9216 64 5000 67.339040 66.098424 66.626001 69.634534 69.863004
9472 64 5000 66.079351 67.897056 68.082659 67.983860 67.715638
9728 64 5000 64.956045 64.964585 65.029183 65.323252 65.011392
9984 64 5000 65.718259 65.907652 65.794319 65.950099 65.706905
10240 64 5000 77.523635 76.812362 73.710328 73.124086 73.501505
10496 64 5000 66.388099 66.408182 66.510229 66.431037 66.583802
10752 64 5000 65.396985 65.444751 65.419367 65.533254 65.423223
11008 64 5000 72.672058 72.662314 72.437285 72.465301 72.284479
11264 64 5000 65.604587 64.665137 65.249023 65.959822 65.791270
11520 64 5000 63.256408 65.295018 65.280218 65.123263 65.254102
11776 64 5000 66.623528 66.192631 66.105079 65.243821 66.232769
12032 64 5000 65.462682 65.343251 65.232986 65.232544 65.261402
