2048 128 5000 210.058015 202.068912 205.075570 205.651526 207.448206
2304 128 5000 207.628944 229.925778 228.848124 233.593663 230.793069
2560 128 5000 202.789846 204.963971 206.691225 207.450176 206.090643
2816 128 5000 198.593939 197.752809 212.779221 197.224776 212.789270
3072 128 5000 190.953856 191.215717 191.506273 189.763240 192.838017
3328 128 5000 199.694353 188.293537 201.618690 188.405130 194.646562
3584 128 5000 198.645536 193.262895 198.509723 200.205988 199.239095
3840 128 5000 208.089549 204.619253 206.673843 204.897326 202.640193
4096 128 5000 185.338056 138.646978 185.498058 187.838748 187.080015
4352 128 5000 186.391134 189.827366 183.628692 181.729684 179.283710
4608 128 5000 189.222033 186.740625 194.900670 188.726770 190.652031
4864 128 5000 192.761296 190.865559 190.150877 188.264893 194.680459
5120 128 5000 193.720404 188.006334 188.371638 178.103412 184.183014
5376 128 5000 175.629776 176.260489 173.822370 182.991352 175.101530
5632 128 5000 176.265086 178.905467 181.252609 181.890113 186.972783
5888 128 5000 181.536668 182.548879 186.748337 176.868271 182.778206
6144 128 5000 174.416160 182.359352 172.766257 172.175444 183.574230
6400 128 5000 176.440688 163.019685 169.991658 168.636008 171.555898
6656 128 5000 171.320099 175.817209 179.336766 179.315628 175.484764
6912 128 5000 176.064063 180.899492 185.892339 186.129332 185.283474
7168 128 5000 187.559590 181.782591 187.584898 180.479572 179.780776
7424 128 5000 184.403538 197.242713 193.423056 200.636787 192.831951
7680 128 5000 196.461832 198.128837 195.246740 206.207365 201.034786
7936 128 5000 183.163118 197.929145 193.284014 194.925603 202.430421
8192 128 5000 202.168649 197.770644 200.521682 192.343504 186.137531
8448 128 5000 194.722379 198.453983 202.174791 202.320804 197.045082
8704 128 5000 200.637509 193.320863 192.616976 190.864767 197.118188
8960 128 5000 186.665451 197.623446 194.460270 196.069984 187.854824
9216 128 5000 203.237611 198.961046 197.664186 196.604068 195.424380
9472 128 5000 183.366001 187.324984 194.197225 187.580027 193.958630
9728 128 5000 187.065681 182.744967 180.636326 182.224004 179.599890
9984 128 5000 154.305503 160.155198 166.365341 159.883498 154.216867
10240 128 5000 169.430793 165.959721 165.063533 166.570930 173.604838
10496 128 5000 174.169979 173.889093 174.622287 169.825736 175.981431
10752 128 5000 170.988542 177.158069 175.443052 172.689082 177.810853
11008 128 5000 165.277530 177.134567 180.833282 183.808915 181.902025
11264 128 5000 182.890080 187.420478 184.577255 180.543110 181.230737
11520 128 5000 189.743827 186.516229 195.569656 199.426023 188.889230
11776 128 5000 189.328564 193.286828 204.697095 191.557057 190.905890
12032 128 5000 190.918309 196.708782 182.611273 189.179601 192.784790
