256 2048 5000 356.193271 363.588954 361.792511 362.242459 361.902395
256 2304 5000 431.656445 435.410146 434.230520 437.983782 438.935524
256 2560 5000 448.551052 445.429212 444.697772 448.594037 441.974643
256 2816 5000 463.747829 462.676337 460.765966 464.710433 463.580826
256 3072 5000 451.044403 452.972076 451.889308 452.367585 455.369365
256 3328 5000 483.342221 481.876902 483.770371 481.017175 483.825317
256 3584 5000 494.504689 495.145170 488.886994 494.137162 496.447239
256 3840 5000 497.857729 498.109995 497.323768 498.792393 494.999849
256 4096 5000 433.496494 433.848038 433.905487 434.232518 433.417655
256 4352 5000 517.989251 517.363846 518.157887 516.907773 518.215731
256 4608 5000 526.327813 524.969293 522.356442 525.291891 519.833604
256 4864 5000 535.226911 539.078031 534.891233 535.650558 537.890399
256 5120 5000 530.265149 536.753565 535.254290 537.497540 532.017145
256 5376 5000 552.953088 555.488464 556.292290 551.018153 557.793882
256 5632 5000 556.848447 559.007444 556.736636 556.461598 555.483980
256 5888 5000 561.966118 566.349550 566.175112 562.998820 564.711524
256 6144 5000 537.712899 542.842352 544.518684 544.247365 542.726219
256 6400 5000 570.024980 573.669468 566.924339 574.554636 576.418354
256 6656 5000 566.140597 568.888889 570.779290 570.794587 568.247637
256 6912 5000 580.112910 581.814356 580.386909 557.514194 581.286834
256 7168 5000 565.344967 567.106133 565.728415 568.240599 567.702655
256 7424 5000 584.221916 582.720834 584.477043 584.369216 577.655390
256 7680 5000 570.079854 566.858303 569.478800 571.342222 571.445180
256 7936 5000 573.219495 574.490298 575.642762 575.548177 573.620876
256 8192 5000 495.536946 527.580100 526.343371 470.692588 514.426445
256 8448 5000 509.030655 503.672237 502.880528 503.224545 503.822428
256 8704 5000 515.098640 514.489695 420.856360 414.818786 414.357494
256 8960 5000 421.558717 422.705376 422.064468 413.053422 421.137668
256 9216 5000 422.838668 420.246238 421.214101 418.415788 422.708362
256 9472 5000 427.405180 439.957035 434.128246 432.539190 426.689190
256 9728 5000 445.606150 434.980542 436.672243 439.548585 440.673263
256 9984 5000 442.338738 441.565370 447.224166 444.087987 447.606372
256 10240 5000 432.829414 433.896869 434.571569 434.787801 433.754716
256 10496 5000 447.678615 446.375637 451.110410 445.969640 444.279540
256 10752 5000 451.502377 445.586407 446.974229 451.794367 449.586431
256 11008 5000 457.132475 413.837017 455.589362 448.906744 454.829047
256 11264 5000 450.049475 444.998904 447.899199 445.029122 449.771494
256 11520 5000 459.924706 463.038502 458.588742 451.613891 460.262069
256 11776 5000 467.316075 459.622685 457.953965 459.293567 463.040967
256 12032 5000 469.273920 465.905131 467.507521 459.455847 462.866589
