2048 32 5000 122.277782 121.004431 121.067021 120.082087 141.454781
2304 32 5000 127.968896 121.099832 135.774005 120.885391 122.041978
2560 32 5000 125.694295 125.732879 127.450370 118.077777 114.426193
2816 32 5000 113.826643 113.774905 117.642758 108.552980 107.745654
3072 32 5000 116.047692 112.083552 116.184848 113.258676 114.878699
3328 32 5000 106.835738 100.359990 105.909263 107.885566 106.574865
3584 32 5000 102.495174 101.506381 101.662944 104.332005 101.257240
3840 32 5000 100.066776 98.564210 99.468981 99.146347 94.253367
4096 32 5000 94.688782 93.285696 90.354602 91.397969 93.845405
4352 32 5000 88.063741 91.122278 90.937822 88.473267 90.561719
4608 32 5000 91.853439 91.107706 91.018851 90.127622 91.339090
4864 32 5000 87.111867 88.935616 88.339993 89.554781 88.628728
5120 32 5000 87.572826 71.970762 88.933278 87.353380 87.891337
5376 32 5000 85.224267 86.758654 85.429102 83.569909 86.838359
5632 32 5000 84.044805 84.663084 84.619358 83.267418 85.508237
5888 32 5000 82.034849 82.100621 81.138949 82.288509 82.379895
6144 32 5000 78.362349 78.323016 80.014977 78.594786 80.311101
6400 32 5000 75.326796 75.743567 76.203517 76.002731 75.778880
6656 32 5000 77.657216 77.838849 77.438683 78.580916 76.892974
6912 32 5000 78.985259 78.425143 78.019048 79.051316 77.510513
7168 32 5000 77.916219 76.678478 77.889232 76.332464 77.515985
7424 32 5000 79.927329 79.639562 79.279712 77.889615 77.869701
7680 32 5000 78.367347 77.592902 77.536108 78.557729 77.763293
7936 32 5000 75.740097 77.205484 77.545910 76.507697 77.438084
8192 32 5000 78.435033 78.003725 77.226101 78.403130 76.730613
8448 32 5000 76.830558 77.753810 77.153768 76.867696 77.545494
8704 32 5000 75.419708 76.482121 76.366787 76.751466 76.041957
8960 32 5000 76.798629 77.841970 77.364763 76.789990 77.369356
9216 32 5000 76.906949 77.321518 78.189907 77.410820 78.182030
9472 32 5000 74.572768 74.566898 74.366020 74.688535 75.819596
9728 32 5000 73.281983 74.542633 73.475708 74.208913 73.470505
9984 32 5000 73.221309 74.058071 74.156396 74.955658 74.459536
10240 32 5000 76.021845 75.934818 76.001039 75.252618 75.962983
10496 32 5000 77.327857 77.112683 77.147398 77.576116 77.935410
10752 32 5000 77.660506 77.554075 78.140955 78.178951 78.200985
11008 32 5000 78.496109 79.519617 77.591136 77.761050 77.082786
11264 32 5000 78.682226 78.938286 77.571083 78.001151 78.674670
11520 32 5000 78.524931 79.786336 80.028830 78.934521 79.408572
11776 32 5000 79.836273 80.102373 80.420679 81.192445 80.484231
12032 32 5000 81.162940 81.089779 81.154386 82.716543 81.557676
