2048 64 5000 326.309500 321.996757 314.592934 317.966135 311.438483
2304 64 5000 324.964739 332.167958 324.364276 333.671253 329.908717
2560 64 5000 293.630596 290.919422 285.336120 296.854617 286.463615
2816 64 5000 290.458999 297.507346 292.799584 291.200517 297.085586
3072 64 5000 298.008306 296.105304 178.594917 297.800666 294.050432
3328 64 5000 271.002876 278.217253 275.960716 271.576478 268.637590
3584 64 5000 283.642479 281.601886 279.815551 282.545392 282.608053
3840 64 5000 277.814203 277.889595 277.544383 281.177063 281.196366
4096 64 5000 257.579688 259.327701 257.417809 259.327701 262.123030
4352 64 5000 275.835842 252.968103 256.117701 257.796042 268.528017
4608 64 5000 256.115608 261.030271 263.074700 276.912676 262.307213
4864 64 5000 262.294198 260.751860 257.678299 261.606468 262.307459
5120 64 5000 254.113998 256.504994 249.239382 249.512671 248.438163
5376 64 5000 253.801894 248.550871 255.939062 252.501798 252.694664
5632 64 5000 255.412262 254.769579 254.524912 256.152818 261.520156
5888 64 5000 253.386947 253.676926 251.187842 252.595453 250.836717
6144 64 5000 248.682014 246.422260 242.917861 246.936033 249.518370
6400 64 5000 234.660556 233.672585 237.799426 234.776229 241.350052
6656 64 5000 234.088012 237.293196 234.263088 236.852523 236.059760
6912 64 5000 235.733470 240.597840 243.305320 243.439213 241.826292
7168 64 5000 240.332771 238.144480 237.032138 231.354077 232.248919
7424 64 5000 243.959745 245.360654 243.285202 243.852068 248.356611
7680 64 5000 241.390826 246.846123 247.529838 249.611506 248.802859
7936 64 5000 246.648731 246.366379 246.132374 247.263522 246.039374
8192 64 5000 246.860845 246.112248 248.720552 246.505680 246.172339
8448 64 5000 241.507276 241.820524 242.208345 241.887599 243.153833
8704 64 5000 240.641416 238.537233 238.310688 238.455546 239.316063
8960 64 5000 246.287054 244.137532 248.880247 244.869375 250.633752
9216 64 5000 248.046159 244.675273 244.158726 250.762716 244.967937
9472 64 5000 242.611299 241.549851 245.005780 240.616020 244.166975
9728 64 5000 236.347761 236.000152 234.706556 233.598727 234.986488
9984 64 5000 233.392018 237.698368 234.245912 236.407361 236.208108
10240 64 5000 238.049574 240.208188 239.565437 243.371311 239.733694
10496 64 5000 246.309089 245.962769 244.936773 245.368010 248.381944
10752 64 5000 246.435939 244.394880 248.665838 245.372662 246.738140
11008 64 5000 244.695291 183.549838 242.542087 243.826400 244.276164
11264 64 5000 246.118550 247.781673 245.898597 243.466984 245.818102
11520 64 5000 243.712812 244.896332 244.030636 244.995614 243.089259
11776 64 5000 243.798482 241.656566 242.172167 247.017102 243.447251
12032 64 5000 245.842645 245.781441 244.459683 244.428644 245.695178
