128 2048 5000 241.407128 247.548538 247.581270 247.909062 248.458885
128 2304 5000 304.925762 305.690652 303.313792 307.136013 308.027825
128 2560 5000 312.564386 315.964053 315.192089 316.599034 315.890950
128 2816 5000 326.996281 329.338669 328.300787 328.761926 331.318479
128 3072 5000 318.419305 317.345127 315.602928 319.096309 320.495558
128 3328 5000 361.991196 360.893287 359.589411 356.364610 361.272814
128 3584 5000 365.039150 364.685120 362.552357 365.335669 363.552217
128 3840 5000 372.917362 370.098187 373.603320 366.494177 373.438687
128 4096 5000 300.028613 192.251109 298.477689 300.042349 301.224921
128 4352 5000 396.063933 396.063933 394.800777 391.664089 395.103199
128 4608 5000 408.827770 414.989094 412.984176 415.316368 410.380864
128 4864 5000 398.765132 396.985271 400.648665 394.220224 398.280450
128 5120 5000 393.448922 405.083321 407.278512 408.532708 404.323577
128 5376 5000 413.285126 265.176610 415.140144 412.166225 414.026137
128 5632 5000 430.998075 426.434470 434.206691 433.475641 433.512135
128 5888 5000 422.974262 425.308684 424.551600 426.290188 424.508556
128 6144 5000 405.348068 403.675225 402.934787 403.870093 399.528551
128 6400 5000 432.862004 433.347440 428.304037 432.564869 430.903888
128 6656 5000 435.704569 433.942506 438.607113 437.975777 433.514141
128 6912 5000 428.058020 426.814866 432.468789 430.884917 431.052862
128 7168 5000 425.061616 426.440596 199.393239 425.093126 416.547416
128 7424 5000 411.547756 418.939461 422.072984 422.677496 422.155486
128 7680 5000 424.591623 425.466349 425.300684 423.060371 422.801992
128 7936 5000 407.281125 414.172599 413.434269 412.765646 412.169411
128 8192 5000 369.250706 369.417219 371.093274 370.602747 366.991691
128 8448 5000 416.680410 431.343641 431.371172 427.496561 431.116640
128 8704 5000 435.652670 430.272041 430.581342 430.039526 421.418305
128 8960 5000 426.711116 438.976966 443.578081 444.720189 443.814964
128 9216 5000 436.199055 435.709273 434.061155 431.804971 431.564853
128 9472 5000 435.976583 451.430529 451.003995 449.162740 450.170055
128 9728 5000 445.102805 444.460943 443.760825 443.094442 444.924678
128 9984 5000 440.980269 455.786350 456.659329 452.026769 456.150771
128 10240 5000 434.758957 434.079363 435.079333 431.734488 432.232789
128 10496 5000 442.554089 456.038018 455.809030 456.459460 456.171184
128 10752 5000 438.359515 438.787183 438.997129 438.683684 438.033037
128 11008 5000 451.190880 462.472429 461.850912 459.567251 459.579243
128 11264 5000 446.306145 444.008105 443.311851 443.110210 444.816309
128 11520 5000 461.966465 473.155267 470.399081 473.562510 473.784661
128 11776 5000 466.318525 467.591513 465.106979 467.040962 466.382010
128 12032 5000 461.728676 473.499806 472.816583 476.217216 470.140606
