32 2048 5000 91.954539 90.908586 92.437022 92.257447 91.928742
32 2304 5000 124.683758 126.216318 125.515832 126.728317 127.367585
32 2560 5000 131.421054 131.899272 132.043843 132.432345 132.458041
32 2816 5000 135.903237 136.264933 134.539700 135.772186 135.895038
32 3072 5000 126.771897 127.373086 125.862952 126.788248 125.676298
32 3328 5000 152.098032 151.959134 152.664927 150.520127 153.585232
32 3584 5000 155.496502 154.996351 155.063411 155.741445 154.374630
32 3840 5000 154.274953 155.143680 153.561610 155.120178 153.033775
32 4096 5000 114.172227 48.937775 29.777992 114.816307 115.477869
32 4352 5000 162.771453 165.428110 165.384889 164.731488 165.337766
32 4608 5000 171.920252 171.952329 167.453269 172.370421 169.688600
32 4864 5000 166.943390 167.908693 168.090024 168.180836 170.378965
32 5120 5000 163.161249 164.822341 163.941644 164.825657 164.948454
32 5376 5000 179.032157 177.594252 177.994827 180.470815 177.462348
32 5632 5000 183.583580 185.259349 183.924562 182.257999 182.272746
32 5888 5000 183.784627 183.034778 182.764909 185.262827 185.448819
32 6144 5000 162.249950 163.818158 161.323356 164.311025 164.721259
32 6400 5000 192.322140 191.778256 193.120097 190.550624 192.390794
32 6656 5000 188.538550 189.312760 187.143711 187.601952 189.730982
32 6912 5000 187.746371 190.501783 189.606872 187.724063 187.130070
32 7168 5000 180.477442 179.046132 178.588891 179.508530 181.213165
32 7424 5000 186.319075 185.649313 184.573311 187.433332 186.732063
32 7680 5000 185.202490 185.869220 185.580089 183.069634 183.718322
32 7936 5000 182.277027 180.694739 181.760403 181.653791 180.908417
32 8192 5000 149.541923 148.700437 147.615240 148.908227 149.211662
32 8448 5000 188.808493 188.631955 189.531248 188.285113 187.743764
32 8704 5000 187.238162 189.158279 189.459364 189.369195 189.212250
32 8960 5000 197.907176 199.338135 198.087658 197.044877 198.859774
32 9216 5000 187.426596 187.374199 187.763106 187.899485 187.634087
32 9472 5000 202.436418 202.439122 203.458275 202.228420 201.722371
32 9728 5000 193.654664 195.800888 194.309826 195.451749 195.329108
32 9984 5000 206.825833 207.564871 207.540600 205.410966 205.762865
32 10240 5000 185.492545 185.127852 186.425442 186.095115 186.245311
32 10496 5000 204.021236 204.827477 203.847881 203.302504 203.961767
32 10752 5000 188.664678 188.631579 187.691066 187.370118 187.511036
32 11008 5000 206.555724 207.531696 206.790964 207.367987 205.966344
32 11264 5000 191.460836 191.868499 189.308936 190.586170 191.166363
32 11520 5000 199.150757 213.910198 213.815904 214.044337 213.743999
32 11776 5000 207.093789 207.216778 205.382662 204.915822 205.210421
32 12032 5000 216.310479 216.099231 216.527011 215.075579 214.977108
