64 2048 5000 162.624383 163.053268 164.213586 164.082021 164.057376
64 2304 5000 211.291339 213.716737 211.776871 212.957454 209.032917
64 2560 5000 226.868648 226.323351 223.349147 227.321919 226.611342
64 2816 5000 225.167416 228.096998 229.625666 226.542977 228.821005
64 3072 5000 217.939964 220.575762 221.231012 218.433917 219.914543
64 3328 5000 251.870772 250.614204 246.821332 251.335788 253.206210
64 3584 5000 260.110678 263.953970 259.692503 263.699071 262.419916
64 3840 5000 253.669412 252.974843 253.999752 252.335873 250.965014
64 4096 5000 202.612419 201.550006 200.003052 200.382199 39.975967
64 4352 5000 273.130933 272.000000 269.452829 270.809917 273.673040
64 4608 5000 284.186791 286.611724 284.438958 285.137487 282.266462
64 4864 5000 273.628325 273.922072 273.138545 272.450069 275.181217
64 5120 5000 270.787538 274.264287 274.894717 273.267063 276.420570
64 5376 5000 286.052544 282.459568 286.266744 284.684506 287.702985
64 5632 5000 296.894717 295.837163 298.018983 268.142594 298.048555
64 5888 5000 294.791520 295.318255 297.994559 296.410031 296.877068
64 6144 5000 272.570739 271.990039 272.506514 272.430994 270.765163
64 6400 5000 303.979339 301.455760 306.325441 305.648832 305.904494
64 6656 5000 303.887914 302.825052 299.066260 303.896586 300.560220
64 6912 5000 300.484995 302.151551 300.664718 299.613941 299.431418
64 7168 5000 289.338514 291.508019 292.087100 292.892714 290.909091
64 7424 5000 293.750773 292.867181 295.027569 293.979780 290.969662
64 7680 5000 292.251344 291.592511 293.974808 293.238196 294.104976
64 7936 5000 285.583195 288.296797 285.904710 287.321522 287.393056
64 8192 5000 250.271137 246.991096 248.859861 249.468505 248.838600
64 8448 5000 296.473065 296.148284 295.339437 295.791846 295.704488
64 8704 5000 296.906513 296.789455 298.012026 297.388370 297.242380
64 8960 5000 308.151969 307.316341 309.275459 309.008805 308.029479
64 9216 5000 299.658592 297.194453 299.619015 299.923725 299.676862
64 9472 5000 313.986782 314.661518 311.861059 315.145718 315.371970
64 9728 5000 308.158942 308.583551 308.736574 308.813142 307.714207
64 9984 5000 320.510428 320.536153 319.417728 319.076391 321.267824
64 10240 5000 300.728694 299.724679 297.620345 263.023551 300.993882
64 10496 5000 317.642497 315.948300 316.031540 318.558353 317.889018
64 10752 5000 298.754841 299.772599 298.133546 299.519465 298.869026
64 11008 5000 320.594124 323.982084 324.525312 319.997093 323.708176
64 11264 5000 306.141550 306.492976 305.951855 304.016464 303.716749
64 11520 5000 330.930473 329.301628 328.327900 332.024354 332.170951
64 11776 5000 322.503124 324.393750 321.806335 325.188771 325.686234
64 12032 5000 333.611181 333.310825 334.193212 329.060654 329.946098
