2048 256 5000 322.571277 366.732418 362.668438 363.896832 363.906935
2304 256 5000 374.662703 375.082034 372.542381 373.287428 371.926904
2560 256 5000 348.073634 362.694530 360.749948 369.545849 364.680482
2816 256 5000 345.256705 344.504339 338.993125 344.047267 342.117352
3072 256 5000 324.080011 310.656049 328.407971 335.005453 323.909158
3328 256 5000 312.167668 302.423025 301.338389 304.330804 307.361069
3584 256 5000 326.806959 312.305640 312.938368 313.556519 307.901714
3840 256 5000 340.018124 344.392206 341.139074 343.348119 345.556805
4096 256 5000 334.604216 343.590382 347.111750 347.392344 344.418751
4352 256 5000 321.977215 327.248802 317.700468 332.251388 329.905894
4608 256 5000 345.194801 341.907136 353.154189 338.926718 338.458007
4864 256 5000 320.050995 313.049075 317.885772 316.460638 312.428554
5120 256 5000 335.692992 342.324648 278.353055 345.433558 295.340243
5376 256 5000 338.335972 306.547219 293.442273 323.936223 322.672431
5632 256 5000 311.299962 313.739963 321.630424 300.952667 350.015780
5888 256 5000 331.002982 325.355828 327.962333 321.135811 337.387972
6144 256 5000 345.459657 342.304980 356.335297 337.760751 339.847973
6400 256 5000 290.082931 306.401059 294.762143 284.185914 273.206002
6656 256 5000 313.670972 339.915656 320.232139 319.701001 319.254146
6912 256 5000 367.537388 354.295462 352.533620 359.438378 367.172839
7168 256 5000 383.353946 364.404127 356.328839 372.985784 378.414584
7424 256 5000 379.516754 405.084702 398.353385 385.183984 403.701092
7680 256 5000 375.657756 404.277019 424.043999 401.327634 395.120481
7936 256 5000 345.885870 274.443310 401.210177 384.665021 405.858897
8192 256 5000 365.454267 396.100104 368.666498 395.214799 382.721303
8448 256 5000 364.888695 382.438196 405.160120 389.963000 398.990480
8704 256 5000 404.347937 398.460680 391.136076 402.132459 384.004412
8960 256 5000 411.553409 398.713692 384.372790 365.301923 403.674633
9216 256 5000 405.919941 393.733103 396.443046 390.211372 392.850649
9472 256 5000 409.501775 391.262227 360.248403 398.969354 383.373860
9728 256 5000 371.047660 364.756543 362.268015 357.564898 357.339149
9984 256 5000 367.973049 359.144765 366.286609 352.858732 338.484602
10240 256 5000 352.370609 322.708673 325.554132 329.151306 313.137129
10496 256 5000 380.789987 348.612931 360.013613 370.168072 376.815870
10752 256 5000 389.167546 352.944978 349.400215 358.266583 348.422769
11008 256 5000 393.900104 366.858815 381.065505 364.929074 352.381095
11264 256 5000 400.028855 371.333646 385.190726 369.149783 378.785976
11520 256 5000 359.605803 262.595898 261.193488 289.288237 280.023168
11776 256 5000 323.547038 284.264741 277.149602 298.786086 283.263112
12032 256 5000 290.976145 305.420681 262.521137 290.275254 304.897658
