64 2048 5000 120.441806 138.738701 139.387881 139.337501 138.847458
64 2304 5000 195.373241 197.244442 197.699300 196.986214 196.346205
64 2560 5000 196.620584 199.115259 200.543465 197.202764 198.161587
64 2816 5000 199.645516 198.817404 198.922737 201.390099 201.421610
64 3072 5000 194.904534 192.658501 195.801299 194.530415 200.759711
64 3328 5000 206.403597 210.950004 210.695420 211.171700 208.419281
64 3584 5000 212.692408 212.282975 214.410170 212.735805 211.953428
64 3840 5000 211.730650 210.804412 211.471940 213.237080 214.570091
64 4096 5000 138.947547 135.899137 138.772485 136.645781 136.802664
64 4352 5000 223.731645 226.368232 224.775247 228.522669 224.142149
64 4608 5000 225.989670 224.332507 225.878893 224.087048 225.955041
64 4864 5000 221.219744 222.624616 225.136327 222.233645 221.285791
64 5120 5000 223.361326 224.659939 225.119883 224.622978 223.178772
64 5376 5000 225.651250 226.384703 225.870490 224.722741 226.372788
64 5632 5000 233.106553 234.614734 233.726284 230.621777 230.433059
64 5888 5000 229.177512 232.162352 214.491764 232.070847 232.002266
64 6144 5000 197.506655 194.833071 194.430380 196.468507 189.904376
64 6400 5000 237.587007 234.848919 234.182933 235.882197 236.738374
64 6656 5000 234.521031 235.563715 235.884600 234.294012 234.701928
64 6912 5000 235.768649 237.288790 235.074555 237.556386 234.473985
64 7168 5000 233.787571 235.540084 232.279494 230.151611 232.383036
64 7424 5000 226.115262 229.774064 228.815796 229.481087 229.685204
64 7680 5000 232.425736 232.822077 232.278553 231.923447 232.672189
64 7936 5000 229.914445 229.488523 229.161328 230.344039 229.685705
64 8192 5000 153.321207 155.819206 154.689169 155.669307 154.612531
64 8448 5000 229.537929 227.473221 230.746776 227.666706 229.897100
64 8704 5000 227.236237 229.137428 229.326088 229.288331 230.279780
64 8960 5000 232.819872 234.269420 231.991003 232.842560 233.088636
64 9216 5000 229.358926 229.310774 231.932932 231.419693 229.307208
64 9472 5000 235.055448 236.772253 235.851068 235.557801 237.667114
64 9728 5000 232.306980 232.763816 232.154523 232.529095 233.386814
64 9984 5000 235.589771 235.772322 236.463352 236.589430 236.194137
64 10240 5000 196.262578 197.545154 197.253809 195.282423 196.177978
64 10496 5000 236.801399 223.768471 224.301961 224.324433 224.519372
64 10752 5000 235.634451 225.996598 225.906083 224.422253 224.166373
64 11008 5000 234.509021 226.516623 226.455462 226.976385 226.608426
64 11264 5000 235.469963 228.250104 227.636033 226.788141 226.109539
64 11520 5000 238.586499 118.453397 236.802549 235.043580 234.397950
64 11776 5000 236.376866 237.431322 236.362040 237.244471 236.598000
64 12032 5000 239.684259 234.879578 234.121188 234.740673 236.024251
