32 2048 5000 82.220103 72.295643 74.477805 74.869194 75.392863
32 2304 5000 147.893766 155.341115 150.379375 151.822413 146.059670
32 2560 5000 145.248227 143.146711 148.416552 146.030162 145.186445
32 2816 5000 150.916094 148.906074 154.762477 155.060743 152.283097
32 3072 5000 138.288833 134.383202 136.860277 132.742789 141.010414
32 3328 5000 157.711104 159.879898 156.953369 158.311283 156.551907
32 3584 5000 158.830047 156.352928 154.870770 159.461639 160.290706
32 3840 5000 163.608766 162.307814 162.746345 164.837818 164.564082
32 4096 5000 80.715324 79.388499 80.245871 78.249137 80.084073
32 4352 5000 167.003238 166.531940 167.183673 167.565877 171.604604
32 4608 5000 163.818158 167.930029 161.662939 165.576716 165.250134
32 4864 5000 165.985582 168.519521 166.664525 165.259492 170.809008
32 5120 5000 157.019091 157.826799 156.586895 147.955498 159.148308
32 5376 5000 167.225927 168.566277 167.294227 173.164496 168.506837
32 5632 5000 177.665615 172.506078 170.945100 178.365432 171.661523
32 5888 5000 174.945218 175.192472 176.667604 175.394698 174.851055
32 6144 5000 127.384639 126.884802 127.936698 128.195298 129.006181
32 6400 5000 175.489709 179.444493 178.786556 177.448143 174.383951
32 6656 5000 170.724122 176.871336 172.891537 175.510070 174.329257
32 6912 5000 179.871186 180.791552 177.415577 181.295389 181.158779
32 7168 5000 178.449953 174.518009 179.004214 170.928656 186.003665
32 7424 5000 177.846983 179.864024 179.407633 178.418649 178.274051
32 7680 5000 178.433480 177.446606 179.201120 174.287984 179.373768
32 7936 5000 179.707602 181.690181 178.374658 182.536442 180.381572
32 8192 5000 98.746384 98.805189 97.961868 98.133493 97.336234
32 8448 5000 180.445346 182.901681 186.197206 185.341908 185.820926
32 8704 5000 182.835537 185.896015 183.764383 184.719864 196.060875
32 8960 5000 199.927482 203.676868 200.834944 200.399793 197.427493
32 9216 5000 198.995951 198.848358 197.762936 194.947051 198.596614
32 9472 5000 207.134461 206.826339 207.179768 207.953017 209.705406
32 9728 5000 204.493260 199.168256 205.351206 125.140096 203.193170
32 9984 5000 207.662008 210.644021 207.276691 213.282064 211.716058
32 10240 5000 150.238875 147.799338 148.248686 145.576031 145.930010
32 10496 5000 208.489243 209.807229 208.953590 213.206038 212.849339
32 10752 5000 204.702523 204.963483 204.909773 205.920305 203.552032
32 11008 5000 199.664445 206.159212 205.785858 205.509725 203.503258
32 11264 5000 205.329657 204.853541 204.897792 201.017221 204.723229
32 11520 5000 213.590433 218.590641 217.112703 215.543654 213.446974
32 11776 5000 210.473637 209.206991 210.508910 208.454756 212.218418
32 12032 5000 213.868954 211.768071 215.670722 213.978303 213.700394
