2048 64 5000 66.202661 66.320572 66.808706 66.661242 65.787968
2304 64 5000 77.920925 79.027590 78.352356 78.138115 78.159652
2560 64 5000 72.336180 72.595796 72.885156 72.379000 72.819720
2816 64 5000 69.581332 70.114612 69.663634 70.049751 69.900322
3072 64 5000 70.095477 70.344265 69.885188 70.434484 70.178545
3328 64 5000 68.174893 68.645980 68.301693 68.782980 68.139560
3584 64 5000 65.500443 65.952822 65.539371 65.979002 65.212546
3840 64 5000 67.358081 66.577449 67.423868 66.457904 67.239766
4096 64 5000 64.908658 64.835132 64.802757 64.812049 65.090779
4352 64 5000 65.164638 65.162809 65.248599 65.244931 65.152444
4608 64 5000 63.502235 63.698648 63.450045 63.794827 63.448952
4864 64 5000 65.325583 65.694219 65.440663 65.546487 65.491604
5120 64 5000 62.492372 62.149593 62.507153 61.624797 61.618308
5376 64 5000 61.885576 61.919656 61.749187 61.911634 61.388697
5632 64 5000 60.549170 61.527327 60.649625 61.568104 60.747752
5888 64 5000 62.250268 62.051613 62.205260 62.124654 62.049774
6144 64 5000 58.717175 57.287047 58.660413 57.525060 58.944793
6400 64 5000 59.353373 59.070391 59.465910 59.049953 59.518101
6656 64 5000 60.096440 60.448642 60.079827 60.437322 59.864022
6912 64 5000 58.821464 58.767546 58.692537 58.909039 58.556267
7168 64 5000 58.171932 58.283382 57.982826 58.092228 58.104000
7424 64 5000 57.949351 57.396468 57.804261 57.480904 57.742162
7680 64 5000 57.406075 58.090639 57.430625 58.249804 57.501035
7936 64 5000 58.264179 58.286244 58.264848 58.374939 58.534786
8192 64 5000 49.278430 49.350420 49.354879 49.651682 49.292144
8448 64 5000 56.541099 56.216819 56.797931 56.170446 56.639541
8704 64 5000 57.686437 57.795725 57.753780 57.776662 57.849743
8960 64 5000 53.583309 56.418400 56.290247 56.411629 56.346443
9216 64 5000 58.172063 58.031268 58.059601 58.098261 58.190543
9472 64 5000 56.715061 56.852183 56.742347 56.836725 56.747021
9728 64 5000 56.641599 56.599787 56.582709 56.828654 56.593613
9984 64 5000 56.319973 56.291394 56.315704 56.414947 56.373437
10240 64 5000 54.331534 54.749294 54.472160 54.731005 54.544970
10496 64 5000 55.893243 56.120089 55.764531 56.372428 55.972416
10752 64 5000 56.387942 56.148321 56.482732 56.116270 56.543904
11008 64 5000 53.955577 53.892511 53.949297 53.933355 53.963926
11264 64 5000 53.803991 53.634743 53.822389 53.598056 53.856567
11520 64 5000 54.207221 54.149652 54.214475 54.018015 54.097047
11776 64 5000 54.229015 54.261733 54.206315 54.176778 54.312881
12032 64 5000 53.930973 54.307363 53.906961 54.244777 54.000258
