2048 32 5000 31.071202 30.419606 30.529003 30.547217 30.550920
2304 32 5000 29.661337 29.627963 29.702444 29.627010 29.708667
2560 32 5000 29.149913 29.244609 29.232295 29.266341 29.196664
2816 32 5000 28.755784 28.610981 28.764045 28.634801 28.818503
3072 32 5000 27.901432 27.804679 27.961748 27.788959 27.953956
3328 32 5000 27.768767 27.768767 27.791667 27.618401 27.754004
3584 32 5000 27.303546 27.442179 27.371968 27.447433 27.202391
3840 32 5000 27.363705 27.254943 27.379923 27.332177 27.359805
4096 32 5000 26.649859 26.774304 26.643141 26.791051 26.613388
4352 32 5000 26.809895 26.845244 26.797617 26.850834 26.805560
4608 32 5000 26.290303 26.301276 26.287960 26.300244 26.294522
4864 32 5000 26.604313 26.561273 26.594858 26.555020 26.582776
5120 32 5000 25.824837 25.973202 25.839011 25.951974 25.848224
5376 32 5000 25.507460 25.529187 25.496345 25.519719 25.504283
5632 32 5000 25.556220 25.424484 25.578563 25.438336 25.560715
5888 32 5000 25.473257 25.495800 25.472568 25.423692 25.454673
6144 32 5000 24.633581 24.605711 24.647478 24.640929 24.653474
6400 32 5000 24.886625 24.892130 24.882513 24.903027 24.888077
6656 32 5000 24.068742 24.056998 24.064826 24.047220 24.039132
6912 32 5000 23.919076 23.921766 23.909457 23.923577 23.934658
7168 32 5000 23.881144 23.840784 23.965129 23.982468 23.980512
7424 32 5000 24.085177 24.096415 22.329666 22.260536 22.274562
7680 32 5000 21.839044 21.817678 21.862629 21.799177 21.873565
7936 32 5000 22.055051 22.515431 22.089928 22.475816 22.049497
8192 32 5000 20.935243 21.050806 20.944577 21.078938 20.928892
8448 32 5000 21.680683 21.575065 21.694184 21.580232 21.692408
8704 32 5000 21.497263 21.499885 21.486252 21.483666 21.478133
8960 32 5000 21.346675 21.357519 21.348264 21.340987 21.326383
9216 32 5000 21.164039 21.174676 21.174251 21.180455 21.162551
9472 32 5000 21.225681 21.189120 21.215400 21.198100 21.221015
9728 32 5000 21.033712 21.012841 21.053201 21.016558 21.059553
9984 32 5000 20.750933 20.808074 20.771223 20.815069 20.775194
10240 32 5000 20.540981 20.485813 20.544329 20.493910 20.545360
10496 32 5000 20.684779 20.670751 20.677775 20.670496 20.677113
10752 32 5000 20.601870 20.606361 20.593978 20.616066 20.566354
11008 32 5000 20.662260 20.637977 20.663060 20.648550 20.658189
11264 32 5000 20.430479 20.467836 20.441834 20.472532 20.439655
11520 32 5000 20.524127 20.539427 20.519557 20.533753 20.524355
11776 32 5000 20.411533 20.430124 20.408437 20.438656 20.414275
12032 32 5000 20.467741 20.455779 20.465456 20.453215 20.458214
