256 2048 5000 216.776925 209.557613 209.641406 209.004584 208.695098
256 2304 5000 243.126134 241.371069 242.532299 243.130142 243.188284
256 2560 5000 238.434112 244.908331 239.745972 244.758327 239.826688
256 2816 5000 233.307227 233.864281 233.714160 232.067989 232.362706
256 3072 5000 226.242355 224.472950 224.463980 225.427820 224.259154
256 3328 5000 230.694329 231.039663 231.002077 230.984541 230.980783
256 3584 5000 229.373706 227.350309 228.295023 228.445086 229.388616
256 3840 5000 227.844581 226.813162 227.379757 227.378705 227.573466
256 4096 5000 195.451173 195.697030 194.588656 195.005542 195.932523
256 4352 5000 214.613849 223.471361 214.735462 223.348609 216.022864
256 4608 5000 227.566091 221.577577 226.371298 221.997900 226.728068
256 4864 5000 220.993597 222.724964 220.648202 221.969802 220.955950
256 5120 5000 220.260941 218.339069 218.881612 218.277983 218.946693
256 5376 5000 219.750910 211.920138 208.443417 212.492087 207.827728
256 5632 5000 220.816742 209.792098 210.980778 209.282328 211.045014
256 5888 5000 221.758499 210.051282 209.057849 209.976374 209.254040
256 6144 5000 212.036291 200.668528 200.184802 200.352590 199.878512
256 6400 5000 224.161992 210.041049 209.936624 210.327944 211.045360
256 6656 5000 222.817704 213.101214 211.752191 212.231151 212.536110
256 6912 5000 225.213635 214.697974 214.397255 213.930163 214.266409
256 7168 5000 227.022346 213.253502 212.350776 212.822160 212.842402
256 7424 5000 224.742507 208.631811 208.647386 209.089029 209.119397
256 7680 5000 226.486560 210.222425 211.038383 210.474029 211.142637
256 7936 5000 228.823207 209.338337 210.664195 210.376243 210.794030
256 8192 5000 208.037585 196.848771 196.540316 197.157824 196.973016
256 8448 5000 232.719259 218.737471 218.803862 219.012590 218.463484
256 8704 5000 228.999901 228.224941 220.435524 220.071941 220.765309
256 8960 5000 235.255988 217.415124 219.918198 217.677985 166.040030
256 9216 5000 234.777780 221.868882 219.045974 221.638775 219.404492
256 9472 5000 231.363412 221.249852 222.443284 221.431689 221.482657
256 9728 5000 233.657027 221.314109 219.809985 221.398319 219.846466
256 9984 5000 233.904634 219.076109 218.513471 220.060717 218.971378
256 10240 5000 224.168893 210.921333 211.596206 211.206487 211.586300
256 10496 5000 231.965413 222.452044 222.859058 223.275726 222.720514
256 10752 5000 229.463579 223.067647 218.825684 220.808625 219.124620
256 11008 5000 229.791870 222.805819 223.417355 222.524672 223.305821
256 11264 5000 232.996931 224.123662 224.632427 224.020236 223.734831
256 11520 5000 234.325315 229.720888 230.157256 230.672482 230.095483
256 11776 5000 232.262518 230.298345 229.956841 230.577005 230.135196
256 12032 5000 229.530371 232.498906 232.874720 231.823464 233.052679
