2048 256 5000 135.922391 151.403175 150.119113 152.797515 154.507733
2304 256 5000 92.940995 92.909958 92.817554 81.997670 92.793606
2560 256 5000 189.688907 188.933157 189.487076 190.834493 191.487994
2816 256 5000 171.394607 170.722442 171.624742 173.156613 169.439195
3072 256 5000 110.118011 108.020438 111.147669 109.582505 110.369295
3328 256 5000 121.970033 121.265881 122.667926 121.911042 124.630702
3584 256 5000 175.760989 175.249359 176.351510 174.727388 175.129605
3840 256 5000 129.075969 131.879454 131.879808 131.445656 131.483631
4096 256 5000 110.381766 102.882664 110.546313 108.689334 109.277891
4352 256 5000 143.694459 143.566324 147.242715 145.981331 144.460984
4608 256 5000 145.445220 132.745777 146.050266 144.228526 147.590307
4864 256 5000 151.448338 150.924442 151.161526 150.095227 150.398709
5120 256 5000 157.710199 142.186429 143.061404 144.828379 141.889668
5376 256 5000 161.218661 171.233623 170.502169 170.252436 155.360638
5632 256 5000 171.873935 165.690080 166.066805 165.454308 166.247184
5888 256 5000 161.189484 173.310276 175.191658 173.534945 173.696923
6144 256 5000 154.710166 156.363231 152.814735 155.490792 154.428242
6400 256 5000 165.477900 193.126926 193.558143 189.261621 143.795232
6656 256 5000 162.938200 181.007134 181.935594 178.699555 180.921417
6912 256 5000 206.656560 193.645652 191.802703 191.816426 193.344770
7168 256 5000 189.086413 186.230946 185.090729 185.769792 184.318066
7424 256 5000 199.391505 192.351072 186.723624 196.775870 188.399872
7680 256 5000 214.622559 198.338303 197.799146 180.610929 200.202842
7936 256 5000 214.848045 205.735766 204.142300 205.877119 208.944344
8192 256 5000 102.174995 99.732544 98.580117 100.354205 97.324309
8448 256 5000 221.454829 226.822392 220.793296 225.417129 221.656380
8704 256 5000 203.713652 218.273579 215.463878 217.517581 217.917086
8960 256 5000 205.851682 201.533360 200.784665 200.989103 160.649276
9216 256 5000 213.150234 214.541916 213.218426 213.622691 212.793806
9472 256 5000 216.830814 223.057973 189.477896 221.509769 218.123986
9728 256 5000 212.439434 210.785547 212.911654 212.489100 212.511221
9984 256 5000 228.586147 215.928629 225.380012 221.209567 224.036240
10240 256 5000 175.495301 160.200055 163.448541 162.176073 158.607729
10496 256 5000 219.090298 208.530017 206.502386 209.112955 206.959190
10752 256 5000 218.845170 215.778367 208.394179 195.361593 215.860608
11008 256 5000 220.089846 214.581550 210.522667 214.400988 208.507679
11264 256 5000 199.941479 199.719909 202.175736 199.677589 203.102479
11520 256 5000 214.843955 212.520394 218.920363 220.903894 215.989454
11776 256 5000 212.858246 212.836606 208.718000 208.322231 210.397253
12032 256 5000 217.089212 214.110087 212.905117 212.636151 201.043796
