128 2048 5000 177.244084 190.011742 190.775053 190.786160 189.761408
128 2304 5000 243.793400 247.850203 245.543104 248.271682 247.604655
128 2560 5000 246.250038 249.581086 244.380472 252.566672 247.994430
128 2816 5000 249.749175 250.917495 250.767368 251.519804 256.561228
128 3072 5000 241.029790 240.758247 243.203325 236.948478 243.537718
128 3328 5000 247.982303 254.185264 250.741068 253.879254 249.682903
128 3584 5000 255.250771 247.551210 255.728859 251.428822 252.895259
128 3840 5000 247.689501 249.494939 252.392885 247.380341 252.188279
128 4096 5000 185.766219 185.305303 182.769175 185.306613 183.180417
128 4352 5000 245.652346 248.583617 247.532038 245.851833 247.263947
128 4608 5000 245.208281 243.200317 244.043560 241.651917 244.646857
128 4864 5000 239.452936 242.976006 241.318470 241.665049 241.633160
128 5120 5000 234.241190 234.823674 235.170845 234.608473 235.042643
128 5376 5000 232.234027 234.530991 235.030842 235.524767 236.299578
128 5632 5000 234.989471 234.938927 237.453968 236.514436 236.727242
128 5888 5000 231.442276 232.691346 232.948827 232.428698 232.783341
128 6144 5000 204.701914 198.431586 197.050378 198.261501 197.689361
128 6400 5000 229.311059 220.161789 222.075232 220.645669 222.318715
128 6656 5000 226.048565 221.161714 219.714155 221.866667 218.819154
128 6912 5000 226.808860 221.816176 224.556844 219.932584 223.203996
128 7168 5000 221.211098 217.199780 212.840427 216.619290 211.469795
128 7424 5000 219.719117 216.117279 219.272961 216.359373 220.442894
128 7680 5000 219.007178 214.084114 215.597859 215.417384 215.016886
128 7936 5000 203.973414 219.329709 213.570155 212.921942 212.208472
128 8192 5000 170.917591 171.628164 170.847413 170.622234 168.665412
128 8448 5000 208.029180 208.928716 209.257826 209.540862 209.911015
128 8704 5000 206.523561 208.295848 207.489738 208.184529 208.706338
128 8960 5000 209.813800 209.792308 210.739853 210.373392 211.869636
128 9216 5000 209.855477 208.836047 207.479949 208.109519 207.898994
128 9472 5000 210.142300 211.625642 211.637463 213.098607 211.210525
128 9728 5000 207.009692 208.475757 207.994494 209.431608 208.585414
128 9984 5000 210.575991 210.583625 211.114488 211.475719 210.908227
128 10240 5000 192.150493 194.384629 194.332176 193.854491 195.246352
128 10496 5000 209.639607 221.525149 211.720284 212.185076 212.440742
128 10752 5000 207.766234 209.103423 208.651356 209.178428 208.307754
128 11008 5000 209.257675 209.600086 210.440918 209.804821 210.147772
128 11264 5000 208.826435 219.976504 218.691243 217.905927 218.762916
128 11520 5000 211.365845 223.635040 223.811548 224.062531 223.675069
128 11776 5000 215.847522 221.582463 222.573195 221.349483 222.188024
128 12032 5000 209.708632 223.094328 223.324014 223.116306 223.467241
