2048 128 5000 127.428810 125.954470 123.807005 125.896399 125.234806
2304 128 5000 160.050363 160.179020 159.594779 157.953596 157.845383
2560 128 5000 118.090543 118.634372 118.756478 118.645541 117.634389
2816 128 5000 136.163011 135.491486 135.158201 135.952446 135.160228
3072 128 5000 95.803995 86.149208 86.008636 86.465187 86.123170
3328 128 5000 91.451340 107.148535 91.780787 92.508285 92.417971
3584 128 5000 93.238865 109.660609 108.662141 109.117030 93.190756
3840 128 5000 153.774919 153.579843 142.916957 153.814379 154.324360
4096 128 5000 101.698045 102.506511 102.032126 103.769268 101.836716
4352 128 5000 114.461366 115.561715 114.193876 119.839771 114.193408
4608 128 5000 111.236756 111.503823 111.643120 124.626853 124.984425
4864 128 5000 119.453110 114.581018 119.379357 114.892690 119.588025
5120 128 5000 116.515487 116.066463 111.369793 113.050798 111.347465
5376 128 5000 115.256213 122.409162 116.109568 115.052332 114.751113
5632 128 5000 112.784505 115.563022 114.144930 115.888500 114.995613
5888 128 5000 116.014704 118.095095 119.164277 127.762615 127.068138
6144 128 5000 110.134666 110.712677 110.661890 110.296853 110.419814
6400 128 5000 114.664838 121.129676 122.607933 118.814179 117.443988
6656 128 5000 116.992574 118.582854 116.658725 117.651088 118.239224
6912 128 5000 120.096758 119.797218 120.163634 120.496840 120.006185
7168 128 5000 114.497648 114.015593 111.703016 113.544044 113.815603
7424 128 5000 121.840366 121.538052 121.137088 121.322367 121.041731
7680 128 5000 119.155497 119.023058 119.283310 118.821072 119.086211
7936 128 5000 119.956165 119.066139 118.370743 117.838508 118.827966
8192 128 5000 88.720720 88.915421 88.913913 90.276034 90.382328
8448 128 5000 124.487301 124.206469 124.297557 124.575070 123.814518
8704 128 5000 117.073335 116.199066 116.354643 116.056960 118.736785
8960 128 5000 124.087907 121.920831 123.510876 123.753434 123.529234
9216 128 5000 117.230934 116.784806 117.408752 117.954656 117.090137
9472 128 5000 117.672819 118.255414 116.639024 117.280793 116.752692
9728 128 5000 118.366198 118.309292 117.913812 117.796017 118.685031
9984 128 5000 122.303995 121.627239 121.873605 122.215570 121.337382
10240 128 5000 104.525293 104.344393 104.774954 104.826571 105.058472
10496 128 5000 119.208382 120.254923 119.379346 121.829591 121.317154
10752 128 5000 122.472342 122.879561 122.289082 122.760747 122.442922
11008 128 5000 115.366678 113.415843 114.845365 113.522389 114.782682
11264 128 5000 108.952799 108.834040 108.957904 108.945060 109.551337
11520 128 5000 120.038684 118.937615 118.541576 118.812456 118.760017
11776 128 5000 113.337364 113.149851 113.349807 112.953646 113.112491
12032 128 5000 113.836142 113.618463 112.912085 113.749542 114.078650
