32 2048 5000 74.310595 74.354436 74.165950 73.921675 74.450730
32 2304 5000 62.351369 62.655517 62.471826 61.178970 62.396750
32 2560 5000 66.728573 65.645234 66.724225 66.574563 66.216173
32 2816 5000 70.102066 70.250717 70.879544 70.161014 41.324027
32 3072 5000 71.756840 73.027665 73.547808 74.069832 73.174435
32 3328 5000 65.586047 64.930251 65.828481 65.843133 65.455439
32 3584 5000 67.579607 67.741669 67.617857 67.860313 68.128787
32 3840 5000 70.869139 70.772811 71.212490 70.756510 70.871591
32 4096 5000 68.632708 68.528646 68.068135 67.719969 68.668664
32 4352 5000 67.576328 67.016997 66.731195 67.188359 67.343662
32 4608 5000 69.104236 68.756878 69.097112 69.308215 69.121728
32 4864 5000 72.019915 72.327138 71.480794 71.068901 71.955989
32 5120 5000 74.016516 73.382661 74.100876 74.512015 73.747986
32 5376 5000 68.374112 68.454645 68.482986 68.723734 68.492256
32 5632 5000 70.356577 57.889530 69.492257 70.792678 70.515138
32 5888 5000 72.192251 72.784585 72.269230 72.591097 72.555317
32 6144 5000 73.418175 73.020613 73.755289 74.367373 74.324079
32 6400 5000 69.221929 69.175167 68.649732 69.658916 69.570416
32 6656 5000 70.635210 70.575761 70.548177 71.014377 70.702269
32 6912 5000 72.884484 73.161244 72.841759 72.210143 72.997056
32 7168 5000 74.606438 74.655974 74.471277 74.433094 74.533709
32 7424 5000 70.501232 70.896774 70.892966 70.447294 70.676155
32 7680 5000 72.004922 71.416117 71.598795 69.214521 71.658085
32 7936 5000 72.605842 73.219620 72.733938 72.631176 73.060790
32 8192 5000 63.506337 64.500763 64.498541 64.631482 64.408529
32 8448 5000 70.807512 70.624380 70.815302 70.670905 71.154535
32 8704 5000 72.248479 72.539378 72.180326 64.583807 72.512184
32 8960 5000 73.562086 73.623665 74.041173 73.699741 73.639170
32 9216 5000 74.503582 74.650682 75.320655 74.870524 74.371687
32 9472 5000 71.342425 71.357205 71.406628 71.606700 71.789528
32 9728 5000 72.788492 72.804154 72.935498 73.089963 72.956010
32 9984 5000 74.032673 74.508158 66.214855 74.332034 74.275698
32 10240 5000 74.963054 74.666521 75.190799 74.593093 74.880486
32 10496 5000 72.006312 71.854115 72.211902 61.652325 72.000446
32 10752 5000 71.682091 71.898992 71.921536 71.602729 71.786783
32 11008 5000 71.386940 71.518252 71.323342 71.383468 71.260722
32 11264 5000 74.463189 75.062057 74.743906 75.011446 74.625988
32 11520 5000 72.679382 72.589506 72.976922 72.586076 72.841663
32 11776 5000 34.714167 73.542258 73.663016 73.631063 73.646892
32 12032 5000 74.447671 74.798833 74.313464 74.539626 74.500395
