2048 32 5000 294.941494 292.937601 287.994375 300.899908 297.377257
2304 32 5000 322.209597 313.389441 309.495424 322.181437 314.592934
2560 32 5000 284.089333 300.425407 122.130121 286.113440 301.664457
2816 32 5000 318.709769 318.709769 319.183905 314.132329 307.025554
3072 32 5000 335.302545 332.850274 334.572187 336.196990 332.018373
3328 32 5000 318.430810 321.876322 319.194341 320.558666 306.375144
3584 32 5000 328.581251 330.551072 327.736183 328.675417 327.623836
3840 32 5000 343.144373 338.121182 338.904518 344.220965 343.297759
4096 32 5000 326.358249 327.843922 328.122966 319.984376 329.194294
4352 32 5000 336.565325 335.883460 338.068651 336.305240 337.757082
4608 32 5000 349.157037 344.587773 348.991764 349.090909 348.151296
4864 32 5000 333.150685 338.674442 338.792390 337.499458 337.792439
5120 32 5000 341.888903 341.618015 342.403344 339.846505 341.347556
5376 32 5000 342.679575 348.327529 342.570393 349.957281 353.277477
5632 32 5000 345.177354 346.571286 342.657236 346.784683 347.681148
5888 32 5000 347.554047 350.059453 349.423241 349.617754 349.695620
6144 32 5000 354.939341 354.504147 356.975815 356.988779 356.716743
6400 32 5000 350.348980 354.754893 349.249659 354.840945 352.677803
6656 32 5000 356.531637 355.555556 356.806379 355.448750 355.638671
6912 32 5000 360.775103 359.029965 360.704501 360.152408 359.836012
7168 32 5000 355.346243 352.008840 354.193947 351.900832 353.647857
7424 32 5000 297.875969 358.441715 358.625687 360.377416 358.203914
7680 32 5000 359.992969 361.848111 362.370982 362.927521 361.901396
7936 32 5000 358.243991 360.829781 354.117745 361.456347 358.881886
8192 32 5000 352.884797 353.942536 353.894754 355.497695 357.056853
8448 32 5000 363.608974 358.478757 365.003240 363.628538 364.108504
8704 32 5000 362.770585 362.666667 362.496746 361.480559 363.870091
8960 32 5000 362.569550 364.236896 359.163222 364.246151 361.217496
9216 32 5000 363.353211 362.290853 358.616664 359.280737 364.304773
9472 32 5000 361.199295 364.369004 362.036263 363.940253 362.755517
9728 32 5000 364.968228 363.519163 365.088077 363.052808 360.814131
9984 32 5000 367.041956 365.388046 366.309707 366.343309 364.446067
10240 32 5000 364.226486 363.967566 364.672365 363.136664 365.127474
10496 32 5000 365.929445 365.929445 364.895813 366.656478 365.467563
10752 32 5000 369.254545 369.206996 367.849124 369.349679 363.550296
11008 32 5000 369.070869 369.970172 369.295284 369.783750 369.132749
11264 32 5000 368.435686 365.336198 366.033674 366.271720 364.788989
11520 32 5000 369.704750 369.230769 370.477569 371.530507 366.455923
11776 32 5000 368.734588 366.903589 368.770673 367.985626 368.922306
12032 32 5000 369.724788 370.728701 369.001936 370.486124 369.185924
