2048 64 5000 139.278276 137.932776 137.230924 138.750450 139.355278
2304 64 5000 126.565155 126.164482 83.371592 126.395913 125.779211
2560 64 5000 133.491942 131.221067 133.294282 133.487591 133.370236
2816 64 5000 139.431825 138.567760 137.920901 138.161970 138.875275
3072 64 5000 142.628731 142.705339 141.920395 141.988041 143.413182
3328 64 5000 133.239916 132.680496 133.174935 132.372098 132.428063
3584 64 5000 137.978826 138.358346 138.825609 138.244937 138.070186
3840 64 5000 141.293349 142.233746 141.579869 141.322599 142.598524
4096 64 5000 143.976625 144.436731 140.272471 143.213654 143.739787
4352 64 5000 136.844588 137.434744 136.356871 136.903779 137.134304
4608 64 5000 141.029295 141.566820 139.725015 139.302618 140.120682
4864 64 5000 143.104859 143.070658 143.474213 143.900004 143.496699
5120 64 5000 145.115719 145.819612 146.049688 146.196952 146.560515
5376 64 5000 138.825048 140.262536 140.239667 140.147127 140.132286
5632 64 5000 142.986124 143.287379 141.585356 143.395686 141.914249
5888 64 5000 145.913002 145.276225 143.978481 145.025747 145.147523
6144 64 5000 145.796472 146.650157 146.311841 146.619536 127.728079
6400 64 5000 140.816018 141.435487 142.339850 140.929391 141.881313
6656 64 5000 143.953392 143.761010 143.993294 143.510134 143.976747
6912 64 5000 146.213188 146.073174 145.672963 145.125288 146.318617
7168 64 5000 147.255837 144.573514 147.806195 146.550215 147.081153
7424 64 5000 143.048623 142.860235 142.236698 143.171902 142.916957
7680 64 5000 144.644686 144.515401 144.637024 144.310041 144.405859
7936 64 5000 147.031033 146.741322 146.044270 146.178775 147.459615
8192 64 5000 145.915226 145.373883 145.895736 145.445668 145.711649
8448 64 5000 144.134614 143.850836 143.128825 144.294636 143.148531
8704 64 5000 145.585314 145.677450 146.240398 145.121843 145.318704
8960 64 5000 147.185347 147.804481 146.650095 146.904813 147.469989
9216 64 5000 147.003963 148.045963 144.470517 147.697485 146.881693
9472 64 5000 144.775770 144.681095 144.423956 144.135507 144.602408
9728 64 5000 145.790383 145.850493 146.623334 145.996192 145.532066
9984 64 5000 147.849507 146.656384 148.131937 147.984418 148.200651
10240 64 5000 148.380261 148.349360 147.924106 147.908081 147.670122
10496 64 5000 143.678721 145.775247 145.621033 145.947543 145.815751
10752 64 5000 146.569880 146.605479 147.288932 146.403983 147.010767
11008 64 5000 148.562897 147.960097 147.597419 147.689624 148.044045
11264 64 5000 147.639879 147.850627 147.705824 147.890057 147.621134
11520 64 5000 145.798562 145.640159 145.235065 144.915914 144.697487
11776 64 5000 146.718580 146.377200 146.341956 146.280604 146.492145
12032 64 5000 147.805324 147.519339 148.948336 147.686831 147.893892
