64 2048 5000 105.863729 107.927934 107.564791 107.450157 107.013275
64 2304 5000 92.401399 91.784830 92.837715 93.837342 93.240423
64 2560 5000 98.135991 98.171272 97.443766 98.161862 97.340716
64 2816 5000 103.712911 103.322861 102.772550 102.431428 103.254194
64 3072 5000 106.566067 107.122308 107.297693 107.731592 106.753543
64 3328 5000 96.518847 97.582788 97.231758 96.598516 96.891178
64 3584 5000 100.373706 101.235788 99.825049 100.808663 100.629990
64 3840 5000 104.544024 104.409890 103.962029 104.334536 104.291146
64 4096 5000 101.841463 101.026669 101.559752 101.782151 101.561326
64 4352 5000 99.262290 99.916057 99.001201 100.086242 98.394060
64 4608 5000 101.038783 102.781147 102.273578 101.924353 101.653833
64 4864 5000 105.453289 106.345996 105.247214 106.457283 104.491900
64 5120 5000 108.134508 108.768389 108.534937 108.134508 108.415000
64 5376 5000 101.439345 101.158996 101.129857 100.763788 100.700087
64 5632 5000 103.743956 103.431375 104.080666 103.376200 104.241401
64 5888 5000 105.868934 106.108611 77.280166 106.637689 107.033868
64 6144 5000 107.620726 108.330532 108.401610 107.758753 107.978910
64 6400 5000 102.767909 102.384130 102.456864 102.782866 102.249693
64 6656 5000 103.948736 103.883334 104.340840 104.247384 104.045215
64 6912 5000 107.046616 107.189796 106.325171 106.629642 106.811926
64 7168 5000 108.553634 108.522305 108.792017 108.893246 108.855521
64 7424 5000 104.181869 103.918464 103.699824 104.214317 103.104399
64 7680 5000 105.490430 105.727327 105.865781 106.013743 105.725963
64 7936 5000 107.640075 107.275408 107.081355 107.093547 106.656363
64 8192 5000 97.915398 79.362782 97.353224 97.820035 97.561557
64 8448 5000 104.052223 103.801716 104.346618 104.353868 104.132384
64 8704 5000 105.860309 106.299471 106.415625 88.214074 105.629866
64 8960 5000 108.038042 108.079175 108.395019 108.059215 108.097918
64 9216 5000 109.695513 109.670630 109.097770 109.733064 108.718909
64 9472 5000 105.631761 105.799525 105.578409 105.740470 105.582455
64 9728 5000 106.885316 107.232518 107.291283 107.452012 106.691892
64 9984 5000 108.309461 108.661257 108.490047 108.948058 108.840793
64 10240 5000 109.217565 109.917682 109.462376 109.010825 109.579513
64 10496 5000 105.364005 105.634410 105.842795 105.361691 106.003472
64 10752 5000 105.260839 105.603300 105.689264 105.755860 105.396911
64 11008 5000 105.584097 104.888979 104.606467 105.229574 104.797549
64 11264 5000 108.902928 109.030412 109.019859 108.562135 108.407696
64 11520 5000 106.318118 106.080706 106.146377 105.860461 105.881745
64 11776 5000 107.350981 107.361379 107.656750 107.349451 107.304211
64 12032 5000 108.931239 109.060214 108.399448 108.873022 108.706725
