128 2048 5000 178.304993 178.338957 178.421497 176.318975 177.510530
128 2304 5000 152.192222 152.003958 150.879455 152.557524 150.334914
128 2560 5000 162.148788 162.126325 160.958837 161.761366 160.451269
128 2816 5000 171.066794 171.032703 171.908773 171.372605 169.697654
128 3072 5000 177.392811 177.711894 176.615163 176.602472 175.723287
128 3328 5000 135.014421 158.616632 158.989594 158.670987 158.538709
128 3584 5000 165.771235 164.748470 165.508085 166.150681 164.826605
128 3840 5000 173.069204 172.503106 172.173182 173.341421 173.266873
128 4096 5000 168.262139 168.406987 167.534128 168.241621 168.575930
128 4352 5000 163.189163 162.445833 163.407451 163.524494 163.310681
128 4608 5000 168.913021 168.576050 169.268827 169.022415 168.356634
128 4864 5000 175.293097 175.197402 174.819590 175.813848 175.505579
128 5120 5000 179.107088 178.433156 178.703678 178.224499 178.362255
128 5376 5000 166.261078 166.605654 166.684753 166.093333 166.635509
128 5632 5000 171.074914 170.860017 171.307447 170.069170 171.026210
128 5888 5000 175.433892 175.542585 176.181927 176.521951 175.807114
128 6144 5000 178.451457 178.313078 177.154648 177.686197 177.960418
128 6400 5000 143.411843 167.154336 168.058952 167.514600 167.950074
128 6656 5000 171.320099 171.402130 171.985498 171.150771 171.893196
128 6912 5000 175.250773 176.280156 176.716055 175.413385 175.597209
128 7168 5000 178.283511 179.887225 178.219099 178.588196 178.794221
128 7424 5000 170.351541 170.746397 170.016281 170.721857 169.895303
128 7680 5000 172.683102 173.660501 173.845381 173.475402 173.189948
128 7936 5000 176.376378 176.605747 176.260081 176.032829 175.632899
128 8192 5000 161.982766 162.845118 162.509454 162.365518 162.230873
128 8448 5000 171.797340 172.310909 171.007278 171.555855 170.989431
128 8704 5000 174.977305 175.088950 171.453546 174.717720 174.687037
128 8960 5000 177.303408 178.149475 178.094700 177.685233 177.936650
128 9216 5000 180.248634 179.257107 179.767939 179.954967 179.981874
128 9472 5000 172.392533 173.294875 173.071740 172.206440 172.754112
128 9728 5000 174.847084 175.689816 175.300994 172.635794 176.114235
128 9984 5000 179.495203 178.798063 178.678068 179.207252 179.106787
128 10240 5000 179.374259 179.745697 179.962380 179.407159 179.368859
128 10496 5000 172.915980 172.712360 172.751002 172.418449 173.001038
128 10752 5000 173.348582 172.976451 170.152243 173.111785 173.602670
128 11008 5000 171.225389 172.940278 172.543411 172.790551 172.673663
128 11264 5000 178.987198 179.185174 178.774142 178.678874 179.241310
128 11520 5000 173.742963 173.913043 173.394418 174.120048 174.129095
128 11776 5000 172.107522 176.617923 160.771364 176.756272 176.857064
128 12032 5000 179.367083 179.080930 179.270624 178.751280 179.196366
