2048 256 5000 125.280292 124.612701 124.941138 123.578217 124.247695
2304 256 5000 123.641943 123.445793 123.236873 123.779464 123.800768
2560 256 5000 125.288675 125.191505 125.671156 123.957344 125.309756
2816 256 5000 126.347522 126.926354 126.973749 124.040056 126.782599
3072 256 5000 127.216492 127.172880 127.070138 126.463664 126.592320
3328 256 5000 126.797179 127.377656 127.203070 126.589185 127.301525
3584 256 5000 128.170584 127.911846 128.226471 128.319007 127.834500
3840 256 5000 129.001779 129.304154 128.753409 127.473177 129.131922
4096 256 5000 128.916516 129.721277 129.378436 129.404621 129.111443
4352 256 5000 128.773469 129.312738 80.406234 128.974122 129.363789
4608 256 5000 127.910895 130.093408 129.512383 129.428261 130.166619
4864 256 5000 130.958135 130.735665 131.226986 130.525442 130.739783
5120 256 5000 131.527876 130.058842 123.446697 129.190979 129.406538
5376 256 5000 131.302843 129.816612 129.804612 129.995145 129.700388
5632 256 5000 131.914816 129.459639 130.082897 130.196605 130.364948
5888 256 5000 132.771475 131.018909 130.591424 130.854213 130.852850
6144 256 5000 133.713965 123.710990 129.466188 129.438699 129.517787
6400 256 5000 133.648312 130.487832 130.694971 130.585595 130.517146
6656 256 5000 133.597402 130.148745 130.853776 129.231740 131.029869
6912 256 5000 134.309761 130.416440 131.987701 131.559452 131.865931
7168 256 5000 133.559644 131.077430 129.575587 131.326210 130.924990
7424 256 5000 134.009299 131.482952 131.374796 125.237323 131.179839
7680 256 5000 132.502854 131.057322 131.620947 131.449875 130.926759
7936 256 5000 134.327936 125.977002 131.999059 130.738659 130.433130
8192 256 5000 132.009931 119.409566 119.505646 119.387134 119.679827
8448 256 5000 134.256232 132.063033 132.093362 132.406821 132.079648
8704 256 5000 135.336369 132.157714 132.481289 132.295500 132.310426
8960 256 5000 136.030184 132.747501 132.842679 132.731370 131.519618
9216 256 5000 135.099465 131.784957 131.986077 132.010743 127.202637
9472 256 5000 135.870810 132.679792 132.863430 132.663242 132.963240
9728 256 5000 135.869628 132.750950 131.702369 132.623839 133.248438
9984 256 5000 135.958994 132.831092 132.930850 133.417549 133.449175
10240 256 5000 135.907874 131.934057 131.746940 131.232629 131.793172
10496 256 5000 136.162898 133.552161 133.351200 133.020589 132.686372
10752 256 5000 135.428409 131.681371 132.808631 132.866969 133.038821
11008 256 5000 136.369215 132.757589 132.957774 132.909740 132.882289
11264 256 5000 132.072630 132.672025 132.315768 132.469067 132.336900
11520 256 5000 136.862310 133.508500 133.744391 133.611570 133.381335
11776 256 5000 136.258471 133.292891 132.628248 133.302793 133.282991
12032 256 5000 136.431252 132.003891 133.294675 133.648632 133.766106
