2048 128 5000 180.505137 181.746582 181.482353 180.510109 163.885068
2304 128 5000 171.938294 171.386729 171.394697 170.904033 170.917900
2560 128 5000 178.671523 176.295260 178.191547 177.556218 177.084121
2816 128 5000 183.684618 183.849512 182.656991 184.018461 183.962110
3072 128 5000 184.990591 184.333249 150.508693 184.034746 184.941867
3328 128 5000 177.728824 178.971338 178.382272 177.485938 179.425144
3584 128 5000 183.294044 182.932976 182.290392 184.328064 183.546319
3840 128 5000 187.332779 177.134537 186.807340 187.372771 187.133078
4096 128 5000 187.974788 186.499715 187.708281 186.122333 188.026022
4352 128 5000 183.373603 183.862642 182.798338 146.223508 183.205946
4608 128 5000 184.614229 186.284133 187.143528 185.376647 186.764277
4864 128 5000 189.962898 189.385053 189.996521 189.722087 190.251982
5120 128 5000 190.929008 189.137085 188.320757 187.659638 187.353844
5376 128 5000 180.159915 185.182753 184.460981 184.306835 185.985567
5632 128 5000 186.248198 186.547011 187.792018 187.543836 187.859551
5888 128 5000 185.948464 191.011851 191.365905 190.216398 189.635355
6144 128 5000 189.857613 188.399437 188.978013 189.114344 188.748512
6400 128 5000 185.139985 187.041358 187.027693 186.936361 187.589593
6656 128 5000 187.399753 188.894703 188.274396 188.952516 188.975148
6912 128 5000 188.664793 191.154572 192.244478 192.087540 192.597688
7168 128 5000 191.213591 190.764343 191.306886 190.353527 190.835763
7424 128 5000 186.282551 189.038883 188.010351 189.712159 188.509377
7680 128 5000 191.466735 191.112373 190.910468 188.810141 190.462905
7936 128 5000 190.325300 192.284453 193.460706 193.137016 193.055529
8192 128 5000 176.128839 176.645115 176.816687 176.442992 177.649471
8448 128 5000 172.424658 190.173898 190.292369 190.767059 191.102173
8704 128 5000 191.953247 187.483298 192.414717 191.747758 192.184368
8960 128 5000 191.708372 193.821402 193.673460 193.903326 193.951201
9216 128 5000 193.065253 193.766734 193.459765 193.432483 194.011480
9472 128 5000 189.854119 191.927865 191.406100 191.599688 190.852307
9728 128 5000 192.325419 192.580632 192.099328 192.225066 192.162769
9984 128 5000 192.433670 193.931153 194.104352 194.040692 194.136198
10240 128 5000 191.815864 192.355218 192.428642 191.851802 191.204187
10496 128 5000 191.354434 191.739500 191.864912 192.051965 191.942213
10752 128 5000 192.715694 192.974565 192.868554 192.366591 192.339170
11008 128 5000 193.140279 194.503204 192.528544 193.794287 193.980511
11264 128 5000 192.332792 192.700387 192.977393 192.565524 193.219976
11520 128 5000 193.323055 191.499309 192.093546 192.241303 192.034006
11776 128 5000 190.047079 193.139220 192.855041 192.413388 193.161990
12032 128 5000 193.018190 194.377048 194.023931 194.020998 194.187841
