256 2048 5000 226.574128 227.074599 227.277378 227.224187 226.838808
256 2304 5000 201.296875 201.650610 202.468797 202.878292 201.461888
256 2560 5000 210.916581 213.650471 213.702025 212.645282 211.832851
256 2816 5000 220.958873 222.017727 221.506090 222.024565 221.182592
256 3072 5000 228.437313 226.207214 228.649846 226.889854 226.148670
256 3328 5000 208.628534 209.207437 208.850495 209.542923 209.115008
256 3584 5000 216.359795 215.911744 217.109323 216.151831 217.140152
256 3840 5000 223.794564 224.047552 223.456779 224.159947 224.166081
256 4096 5000 220.276118 219.353597 219.407757 220.113355 219.137224
256 4352 5000 214.441181 212.799542 212.172204 213.293308 214.560119
256 4608 5000 218.866748 218.287596 219.117991 218.711737 220.471876
256 4864 5000 223.964430 224.928106 224.941108 225.116790 224.399527
256 5120 5000 228.382650 227.716855 228.443152 227.226550 227.963198
256 5376 5000 216.014089 215.965954 216.440097 216.043929 216.118567
256 5632 5000 221.482952 221.249797 220.632244 221.250476 220.307252
256 5888 5000 225.199528 225.566862 225.762813 226.113671 225.489926
256 6144 5000 228.347769 227.870724 228.035909 226.673392 227.973771
256 6400 5000 218.743241 218.181043 218.416639 216.776925 218.663834
256 6656 5000 220.026807 221.666359 222.730327 222.269530 221.702122
256 6912 5000 224.519233 227.115111 227.003810 226.692631 226.872836
256 7168 5000 229.758548 229.020446 229.265952 228.842226 228.887897
256 7424 5000 219.438030 221.279093 220.954950 221.119475 221.347129
256 7680 5000 222.058578 224.115998 224.607581 223.783356 224.385590
256 7936 5000 225.350013 226.568379 227.846489 226.959685 227.382370
256 8192 5000 213.168964 213.481440 213.277792 213.426690 213.093153
256 8448 5000 218.834858 221.441678 221.843278 221.935251 221.228749
256 8704 5000 225.627400 224.639735 224.981321 226.005461 225.591308
256 8960 5000 226.391258 226.110066 227.539303 227.117093 226.899169
256 9216 5000 228.960500 229.452165 228.973388 229.201170 229.650049
256 9472 5000 219.363197 221.857548 221.880690 223.287199 222.206420
256 9728 5000 223.848474 225.058199 224.516864 224.306554 224.990288
256 9984 5000 225.877562 227.787967 227.656087 228.447216 227.775787
256 10240 5000 227.398035 228.173923 228.640407 229.063557 229.170892
256 10496 5000 219.471108 222.287890 159.014492 221.997716 222.603901
256 10752 5000 221.404693 223.220327 222.805106 223.240966 222.328555
256 11008 5000 220.679632 223.127597 223.099334 223.714260 222.910154
256 11264 5000 228.632684 229.165064 228.665319 228.555123 229.395864
256 11520 5000 224.535416 224.274503 224.006368 224.075129 223.839747
256 11776 5000 225.877840 226.309215 226.056023 226.450992 226.451332
256 12032 5000 226.952294 228.911164 229.298331 228.717731 228.809477
