2048 256 5000 421.575376 800.635270 811.089109 808.462606 804.813951
2304 256 5000 818.745142 815.169440 816.049144 825.621501 834.593616
2560 256 5000 844.100979 857.195176 841.499743 845.931433 844.144469
2816 256 5000 850.795449 820.636113 830.697610 819.703000 845.367982
3072 256 5000 832.943569 863.926178 834.853503 863.812306 836.327286
3328 256 5000 846.819338 840.354304 859.635953 842.365039 863.819605
3584 256 5000 847.093582 836.482322 846.280992 829.389644 851.085303
3840 256 5000 849.175910 840.090244 842.162977 842.755002 834.853503
4096 256 5000 835.571989 887.976559 829.477748 879.781182 833.261284
4352 256 5000 725.503373 723.712519 746.533725 725.966664 719.561848
4608 256 5000 755.700192 745.470861 766.971380 745.527397 757.116451
4864 256 5000 748.253732 771.843348 785.456380 762.569203 776.492891
5120 256 5000 723.451230 830.663151 838.785645 867.130646 851.847038
5376 256 5000 810.172365 786.692732 837.108135 841.880666 800.828610
5632 256 5000 824.154291 829.674642 835.308158 839.784257 828.873329
5888 256 5000 827.429324 857.947521 832.584704 832.971187 828.156695
6144 256 5000 860.108931 844.418198 857.445649 843.177871 848.197761
6400 256 5000 842.087950 835.023699 848.762394 830.873777 841.975436
6656 256 5000 873.992614 871.801484 850.114750 872.069195 852.112859
6912 256 5000 865.631513 854.000521 856.215463 860.395414 845.593478
7168 256 5000 885.134627 863.858394 874.996662 879.990025 867.124090
7424 256 5000 873.941913 876.756009 882.086698 853.386977 877.346924
7680 256 5000 883.313865 876.657600 873.037300 893.234230 882.124910
7936 256 5000 869.691184 886.750354 884.318659 884.780810 879.084057
8192 256 5000 832.209779 908.023104 889.354809 896.655636 888.593607
8448 256 5000 903.453923 877.422286 893.621030 897.194773 888.306183
8704 256 5000 910.891996 893.541324 902.071154 921.119122 891.510695
8960 256 5000 904.593640 891.646259 871.926650 881.157995 883.887973
9216 256 5000 893.930071 738.817664 919.918274 932.056509 915.911332
9472 256 5000 892.716402 913.293962 914.106489 910.119731 926.498548
9728 256 5000 909.783292 923.576271 925.863082 624.775591 871.208877
9984 256 5000 900.689286 926.461697 900.625810 928.831939 922.808968
10240 256 5000 890.428734 957.107181 798.294659 921.899617 929.865634
10496 256 5000 922.725275 936.972926 889.450304 920.657589 929.145054
10752 256 5000 916.581308 945.341146 937.216793 896.677178 936.241309
11008 256 5000 918.224058 943.336502 945.418923 945.736205 947.185716
11264 256 5000 927.531458 803.208842 947.662053 943.470010 949.446844
11520 256 5000 925.382501 942.000192 951.329032 964.666322 939.826765
11776 256 5000 755.965916 948.876327 957.349728 950.581766 952.179049
12032 256 5000 931.111702 957.169937 951.975225 957.556766 947.052023
