32 2048 5000 190.467333 196.356663 194.388088 197.850501 197.599952
32 2304 5000 346.303429 333.761883 347.511312 343.304153 337.366157
32 2560 5000 309.833585 303.880110 305.968477 310.538287 310.185536
32 2816 5000 373.722628 375.216522 370.252280 361.228253 348.676675
32 3072 5000 306.453021 303.613565 308.646782 296.221298 304.478721
32 3328 5000 381.077793 401.659501 401.054455 394.488072 393.962711
32 3584 5000 370.080671 369.341749 369.627433 156.797550 369.151539
32 3840 5000 430.312369 423.694918 431.642546 427.736007 423.461300
32 4096 5000 207.635523 204.921672 205.017831 207.563185 206.347607
32 4352 5000 418.536996 433.115631 440.932118 428.926943 436.372752
32 4608 5000 414.155713 414.016173 415.486052 413.714157 400.499756
32 4864 5000 444.632349 439.783002 444.353089 446.956122 442.936824
32 5120 5000 354.463243 355.308813 353.423357 349.846259 350.760009
32 5376 5000 451.503858 453.288364 449.029025 456.124722 453.360038
32 5632 5000 428.166873 433.564280 430.972309 431.013536 432.752245
32 5888 5000 456.898977 465.293624 463.804647 462.506750 466.030176
32 6144 5000 324.596335 324.875244 322.826837 326.266180 324.029270
32 6400 5000 468.285544 470.069776 467.494522 461.573135 469.875648
32 6656 5000 453.328793 451.407257 452.442858 450.757640 450.948509
32 6912 5000 475.848716 482.955588 483.906537 470.384076 480.563160
32 7168 5000 390.254526 393.359857 390.560191 392.740223 383.174635
32 7424 5000 469.316476 477.734878 480.692809 475.269075 480.362342
32 7680 5000 470.030218 468.489077 456.650191 465.666212 468.596270
32 7936 5000 454.996954 460.708973 460.274767 461.361820 448.504115
32 8192 5000 273.488294 275.211019 273.551080 275.923626 272.204685
32 8448 5000 460.381471 464.255538 467.030613 465.214249 463.650396
32 8704 5000 452.994178 459.541330 458.799499 459.723368 460.666204
32 8960 5000 471.951541 472.589418 475.079533 476.849388 475.378851
32 9216 5000 424.284974 423.736314 425.337487 422.437403 421.760769
32 9472 5000 477.073693 471.141232 476.368894 479.989865 474.133400
32 9728 5000 460.851543 471.617732 458.448941 469.299885 470.363543
32 9984 5000 483.852794 495.145992 485.987222 487.723262 486.149913
32 10240 5000 360.420608 359.384939 360.309641 359.140728 356.011386
32 10496 5000 475.645056 474.878407 475.982087 472.314096 467.501809
32 10752 5000 453.383934 456.245690 452.846877 456.936439 453.670886
32 11008 5000 468.737192 467.890444 468.288533 466.070389 467.207809
32 11264 5000 440.419345 439.817459 439.699424 440.214949 435.271103
32 11520 5000 479.488047 491.585545 489.978202 490.121520 489.704827
32 11776 5000 467.232059 467.521898 473.086097 469.490681 465.914936
32 12032 5000 501.738383 506.224197 500.824683 484.453168 485.761147
