256 2048 5000 501.509441 532.997174 573.870403 570.026964 577.053799
256 2304 5000 657.361300 656.556392 668.280082 658.271021 668.674043
256 2560 5000 640.350192 639.176062 635.741032 637.162635 636.716928
256 2816 5000 701.820518 697.461300 690.328264 696.356400 697.839387
256 3072 5000 671.257618 670.467876 669.885347 670.285013 675.686915
256 3328 5000 705.493450 708.261701 703.687062 705.738900 705.248171
256 3584 5000 753.423443 749.839817 753.448191 753.213148 753.027692
256 3840 5000 762.590375 756.568720 760.090310 763.336491 760.913988
256 4096 5000 523.017069 522.834520 522.573957 524.104563 526.742621
256 4352 5000 771.011765 770.201587 773.871609 773.409602 771.449542
256 4608 5000 784.465606 782.093985 782.239198 778.738068 787.145679
256 4864 5000 771.929477 770.181971 771.537270 771.393879 772.140093
256 5120 5000 746.100776 657.351776 738.883377 739.258440 740.109996
256 5376 5000 764.204564 789.934797 790.388459 793.725201 785.767465
256 5632 5000 769.062377 746.083789 772.639679 770.665583 768.373818
256 5888 5000 804.612034 801.292847 801.915240 798.127694 805.360062
256 6144 5000 720.268166 609.533258 719.391871 719.378710 718.386437
256 6400 5000 788.359381 796.182368 791.123043 793.298794 790.993183
256 6656 5000 811.676384 814.796963 815.077588 807.744015 815.483278
256 6912 5000 839.304450 836.550681 845.116919 841.779968 847.886838
256 7168 5000 801.474532 715.464094 769.285720 772.543869 766.355671
256 7424 5000 830.824379 829.026827 831.602345 830.091371 815.215284
256 7680 5000 833.777205 831.126668 835.087540 838.213476 838.549530
256 7936 5000 821.777997 822.316846 828.189867 821.000905 825.772886
256 8192 5000 636.874711 636.979170 636.959823 636.325901 636.990778
256 8448 5000 846.592395 844.608643 844.285514 826.185019 845.354764
256 8704 5000 827.923637 828.256005 827.112302 826.039118 828.089787
256 8960 5000 848.874217 847.469149 846.237281 849.446358 850.630808
256 9216 5000 824.237004 674.523976 829.272202 823.546495 825.968352
256 9472 5000 851.601121 855.815004 851.559252 853.453470 824.262531
256 9728 5000 853.994664 851.710694 856.155502 853.157931 853.532210
256 9984 5000 882.106644 880.368694 883.057511 880.198913 882.837899
256 10240 5000 760.071210 760.551939 759.296270 759.481055 759.820062
256 10496 5000 876.109738 880.565769 874.251170 877.019088 873.762186
256 10752 5000 732.012127 839.467135 841.314554 842.174315 841.114024
256 11008 5000 854.648017 852.012384 854.855423 851.883604 851.482061
256 11264 5000 813.813112 814.567149 813.120079 816.037853 812.648025
256 11520 5000 887.765054 890.935127 888.958553 887.674202 877.547134
256 11776 5000 856.197990 855.105120 854.165061 849.974625 851.241854
256 12032 5000 890.326683 886.523949 887.162294 886.314772 887.561088
