2048 64 5000 467.046750 673.338128 646.247905 669.759836 648.678610
2304 64 5000 642.845933 639.666840 653.211659 617.125638 646.793578
2560 64 5000 692.652406 709.878683 681.247401 726.176757 717.024070
2816 64 5000 669.479941 693.542677 677.126540 691.573292 664.984134
3072 64 5000 706.105445 696.796144 708.752704 727.908182 716.762669
3328 64 5000 692.611863 685.964573 725.449591 717.193077 712.920070
3584 64 5000 766.836052 745.598752 748.079056 753.138955 759.976145
3840 64 5000 758.705853 746.491708 779.349274 744.591892 745.947915
4096 64 5000 765.473340 782.566123 757.685415 801.614580 792.646347
4352 64 5000 795.476095 754.246101 793.888952 792.353209 790.688696
4608 64 5000 802.437963 784.757850 806.784483 804.232343 811.892963
4864 64 5000 793.798450 783.213405 787.851792 784.160411 809.528268
5120 64 5000 807.610785 681.700924 812.335763 803.609967 811.450646
5376 64 5000 809.257691 797.367323 800.223277 786.827662 784.066360
5632 64 5000 810.213990 807.925763 812.332101 815.198118 823.881143
5888 64 5000 818.381618 779.480391 809.868902 800.305823 814.983347
6144 64 5000 815.597776 827.614076 822.077270 827.788304 833.367243
6400 64 5000 822.291817 796.453294 821.203737 829.015544 827.474747
6656 64 5000 834.117877 808.502885 833.530310 841.632750 837.199796
6912 64 5000 837.881658 819.260686 285.863468 812.967251 837.374120
7168 64 5000 851.590867 845.750525 834.276569 834.185548 852.128687
7424 64 5000 826.610995 832.199531 829.005130 813.784126 831.209545
7680 64 5000 834.839323 836.088998 827.558339 837.799141 848.296572
7936 64 5000 809.150868 834.462590 812.802458 828.798016 831.756845
8192 64 5000 854.529452 786.156845 850.261101 844.971635 856.595759
8448 64 5000 824.924476 845.407637 832.520325 847.527981 847.315468
8704 64 5000 837.426338 854.957333 850.856881 841.550594 853.281049
8960 64 5000 840.057426 837.089805 845.607102 838.632309 846.755855
9216 64 5000 855.735136 848.887482 851.854419 849.254161 855.784800
9472 64 5000 850.889899 856.734221 837.165111 839.460492 848.222981
9728 64 5000 865.528555 867.482235 857.210519 859.506323 866.082408
9984 64 5000 844.245964 846.931580 846.841784 830.572454 840.006310
10240 64 5000 855.851856 852.090701 855.717755 854.356782 859.082925
10496 64 5000 846.089125 849.900048 855.833864 852.899949 855.594049
10752 64 5000 712.392074 854.838630 863.397742 862.294178 855.369928
11008 64 5000 817.564870 841.690760 852.321614 848.727833 851.415174
11264 64 5000 721.791021 858.229958 853.292931 859.396309 847.415070
11520 64 5000 723.788581 850.262939 853.274078 851.146360 859.761644
11776 64 5000 756.645182 862.138232 860.956385 864.273755 855.580783
12032 64 5000 779.022337 864.600737 865.728291 859.045069 869.089432
