64 2048 5000 326.585937 326.082197 341.280008 339.776027 324.499901
64 2304 5000 500.699491 499.410689 493.560048 501.414581 493.361884
64 2560 5000 483.503512 483.760482 481.939052 132.385262 486.258681
64 2816 5000 539.334451 532.010863 530.601189 535.138666 525.128205
64 3072 5000 481.245410 484.638138 482.165980 485.811712 483.375129
64 3328 5000 559.386490 567.585141 559.886441 569.985014 569.588704
64 3584 5000 555.874370 553.433383 554.691430 552.819821 555.497433
64 3840 5000 594.858886 587.268209 597.694440 568.836219 575.658203
64 4096 5000 381.200558 380.635981 376.871100 378.787966 380.117163
64 4352 5000 614.255469 608.830987 616.185125 611.611770 614.282564
64 4608 5000 584.516589 582.093794 584.609285 586.329476 578.531073
64 4864 5000 612.136705 609.070632 606.389278 612.835656 598.715236
64 5120 5000 518.448199 536.055490 536.178290 539.213428 534.673498
64 5376 5000 635.554899 630.638953 630.638953 637.462482 638.361349
64 5632 5000 615.708380 615.918800 617.946168 617.438076 616.087239
64 5888 5000 512.989736 648.815427 640.043481 643.365431 652.500346
64 6144 5000 518.275998 520.264620 516.818254 521.147219 523.046636
64 6400 5000 652.187759 655.443897 656.978796 651.648212 656.094826
64 6656 5000 629.855690 642.858868 640.461872 637.719692 643.752645
64 6912 5000 660.329592 670.295169 670.274857 660.428175 671.067961
64 7168 5000 574.114585 582.882700 573.353997 584.278364 578.750032
64 7424 5000 659.288450 664.284316 668.076490 654.475330 664.042934
64 7680 5000 646.413635 656.147377 654.888480 651.572194 656.550545
64 7936 5000 654.178259 654.920569 655.715355 659.358691 655.596861
64 8192 5000 447.818511 453.826844 451.202258 452.870346 453.152172
64 8448 5000 671.759064 670.742358 672.360534 671.325337 668.966371
64 8704 5000 649.612837 654.451467 653.361483 653.821596 644.755666
64 8960 5000 664.134161 675.302652 677.760968 679.238131 675.652748
64 9216 5000 601.529769 621.547800 612.358804 621.076573 616.970711
64 9472 5000 678.601173 684.501253 685.244049 682.743552 677.933348
64 9728 5000 652.913293 661.571811 658.841457 667.272571 670.318691
64 9984 5000 692.611863 688.893201 669.519479 694.403269 689.279627
64 10240 5000 560.309155 559.715769 556.493385 556.285545 560.222940
64 10496 5000 625.029309 681.185227 687.178018 683.611496 692.991107
64 10752 5000 594.813637 648.871287 647.138262 639.345907 645.475011
64 11008 5000 665.336960 665.852598 670.108623 670.542326 668.366727
64 11264 5000 566.145727 630.815541 629.834524 627.335225 344.675643
64 11520 5000 688.763499 687.555953 694.341897 684.047429 690.919314
64 11776 5000 655.850462 652.353501 643.288551 640.489505 641.875043
64 12032 5000 441.126464 682.533548 680.506902 684.231665 685.144850
