128 2048 5000 446.172176 485.901761 484.142873 488.272985 487.727915
128 2304 5000 655.330874 654.226008 655.214397 652.402442 655.943060
128 2560 5000 628.654746 631.635761 602.884898 632.562449 628.413624
128 2816 5000 681.530782 682.356505 682.124068 684.377611 651.357114
128 3072 5000 617.778476 618.594846 611.001305 621.174686 619.667171
128 3328 5000 710.020668 706.816221 713.612758 701.323675 711.538719
128 3584 5000 701.562930 705.707165 706.598484 707.579357 699.786442
128 3840 5000 751.973563 746.559738 751.628590 750.320572 746.401020
128 4096 5000 554.696460 255.115566 559.754014 557.990634 548.246366
128 4352 5000 761.900594 759.822135 760.963882 763.320453 744.269567
128 4608 5000 734.854979 735.496421 733.374779 734.598715 735.679896
128 4864 5000 735.680862 752.577120 751.541489 749.514844 751.777434
128 5120 5000 658.851915 647.985920 659.302630 659.607875 664.584432
128 5376 5000 752.644704 713.071232 716.322452 702.615941 718.641519
128 5632 5000 698.664496 698.380222 698.529098 692.995982 557.727301
128 5888 5000 637.898229 545.556151 725.905378 719.818151 714.644415
128 6144 5000 654.454671 650.804369 623.074363 618.166955 622.975649
128 6400 5000 745.812090 747.759096 735.500090 743.645606 748.483298
128 6656 5000 748.127854 746.476010 743.959902 744.115849 748.601153
128 6912 5000 778.570171 771.334414 804.832254 793.670273 800.724034
128 7168 5000 748.738371 744.123277 736.465942 746.569457 745.986731
128 7424 5000 803.680650 793.414044 801.538513 798.279570 799.636480
128 7680 5000 782.326351 787.288570 794.067756 779.534677 794.619762
128 7936 5000 780.298352 784.795575 789.381741 786.131748 785.220228
128 8192 5000 630.950117 632.510556 635.423585 632.892323 631.208389
128 8448 5000 807.382851 800.461914 802.148272 748.366022 810.311132
128 8704 5000 787.558672 784.674330 789.523216 777.761334 784.486474
128 8960 5000 804.038138 606.109291 775.957024 782.329909 777.978266
128 9216 5000 743.572482 736.589447 729.935029 743.957014 747.596836
128 9472 5000 772.023127 777.768084 787.252445 789.765236 781.397267
128 9728 5000 768.167405 771.508588 777.181091 773.838792 781.149783
128 9984 5000 805.303355 795.359606 787.546681 792.557863 793.808311
128 10240 5000 703.583621 700.777382 699.617824 699.647699 699.685048
128 10496 5000 794.831626 804.435663 800.123876 796.490313 793.451530
128 10752 5000 766.477311 762.316657 763.721116 762.882895 763.509270
128 11008 5000 786.619325 782.452049 779.120587 779.767347 777.873224
128 11264 5000 751.457788 749.738438 749.676064 746.794845 746.756166
128 11520 5000 818.845167 814.251162 815.052289 821.253133 815.809857
128 11776 5000 778.779644 794.074449 791.821897 780.037053 788.087669
128 12032 5000 822.033392 812.655529 824.462527 820.570527 829.909362
