2048 32 5000 389.492452 337.223423 347.892558 293.436017 308.608024
2304 32 5000 341.049126 333.339362 357.382453 343.848522 318.672199
2560 32 5000 360.246262 363.733239 335.407796 381.271526 352.556378
2816 32 5000 383.880037 368.526092 361.953728 355.247181 352.165077
3072 32 5000 360.061534 386.962683 386.081219 376.182458 362.879291
3328 32 5000 392.366075 406.225206 392.684366 408.625585 383.244566
3584 32 5000 436.308301 416.925985 404.058625 406.262841 427.175209
3840 32 5000 414.714816 405.866033 418.756816 423.053088 389.946687
4096 32 5000 411.839377 423.769803 424.648481 424.593456 420.183369
4352 32 5000 419.925220 420.229330 426.248776 442.192164 449.441683
4608 32 5000 449.752943 459.622218 448.822061 441.036071 440.693365
4864 32 5000 465.482385 466.794626 436.257638 478.298814 450.892236
5120 32 5000 556.294988 587.071807 617.006854 616.496087 620.747140
5376 32 5000 587.661406 583.515365 588.425229 590.404283 625.116279
5632 32 5000 611.716788 610.432191 621.848044 626.299694 627.389821
5888 32 5000 631.929166 620.483435 629.269922 631.124807 616.020401
6144 32 5000 631.449126 643.308684 619.706235 637.551073 633.483696
6400 32 5000 642.812304 654.229491 653.895275 660.134090 621.208445
6656 32 5000 651.710422 644.103060 626.262864 611.518806 641.619472
6912 32 5000 634.674319 625.909785 644.025157 649.967676 645.001750
7168 32 5000 647.625501 657.200160 652.006822 648.357736 653.306750
7424 32 5000 654.421244 647.571281 650.764258 647.924508 651.370915
7680 32 5000 651.261395 667.753505 668.480035 665.691533 669.353960
7936 32 5000 649.261134 651.626809 622.400863 646.813713 629.560216
8192 32 5000 642.289410 644.563560 642.195002 634.025057 645.198129
8448 32 5000 645.809842 649.346656 652.260773 651.098266 642.525075
8704 32 5000 659.113067 661.209762 641.414886 668.189233 658.085247
8960 32 5000 643.678161 647.428081 652.704425 629.434492 645.097422
9216 32 5000 643.378856 652.720110 637.427052 663.498920 646.226663
9472 32 5000 662.088248 668.897030 668.218695 669.606327 664.556018
9728 32 5000 660.308841 659.469536 639.500390 654.863682 638.634499
9984 32 5000 671.108684 664.520155 676.967411 655.494460 675.536009
10240 32 5000 681.814399 515.252532 676.465731 678.117628 684.663602
10496 32 5000 662.600118 671.153385 658.495079 663.490182 662.547836
10752 32 5000 554.655662 651.907992 645.281320 648.932478 642.102120
11008 32 5000 520.472813 671.501010 664.884862 675.363319 674.303216
11264 32 5000 573.870403 667.422138 670.900495 607.797113 644.140248
11520 32 5000 542.181433 658.944659 644.407929 662.045185 638.470331
11776 32 5000 543.737735 634.034391 656.661904 655.428393 664.723937
12032 32 5000 545.421578 651.964237 633.054916 643.057087 642.906759
