2048 128 5000 499.302884 726.321623 724.154696 724.995852 719.030117
2304 128 5000 600.146520 584.771574 590.650911 580.924241 566.419544
2560 128 5000 653.738728 639.925009 660.059625 656.016016 654.862305
2816 128 5000 663.637368 672.076372 661.639561 661.858245 666.410294
3072 128 5000 686.312703 686.216886 686.888167 670.765242 683.830128
3328 128 5000 701.693352 684.619588 703.687062 691.128561 704.851413
3584 128 5000 720.990759 735.981518 732.760438 738.493239 733.815343
3840 128 5000 738.084512 738.639096 735.280038 732.387650 736.823170
4096 128 5000 761.780774 745.468506 758.628274 755.218807 762.268101
4352 128 5000 762.818722 760.278422 758.043709 746.403687 750.850519
4608 128 5000 785.301166 785.008518 781.907363 769.181816 779.798514
4864 128 5000 788.390528 791.336621 785.664530 785.763687 779.858206
5120 128 5000 720.524210 747.786399 794.472057 772.793736 798.168266
5376 128 5000 681.868448 610.919938 604.023735 607.361118 600.544579
5632 128 5000 733.184167 815.327196 675.173266 611.727169 661.566698
5888 128 5000 728.712871 663.436620 801.719039 679.699140 661.039189
6144 128 5000 718.583359 692.452365 682.607413 693.392583 685.618636
6400 128 5000 668.811129 653.352900 642.590443 652.052788 815.692522
6656 128 5000 849.318127 852.036163 835.770763 716.493423 836.591449
6912 128 5000 720.386927 717.128684 845.246102 737.353735 845.941139
7168 128 5000 720.085390 645.311577 714.678299 647.936499 853.269846
7424 128 5000 515.125167 716.602317 710.983420 846.823982 720.525302
7680 128 5000 853.703865 863.573273 866.007717 862.164533 750.572641
7936 128 5000 736.583809 741.898919 682.327337 848.770053 863.576699
8192 128 5000 727.258604 867.452019 729.068862 862.273243 868.486615
8448 128 5000 735.488084 739.380513 860.613778 755.730120 736.770958
8704 128 5000 865.854265 770.137698 767.622539 767.432185 872.554118
8960 128 5000 864.864865 850.536183 780.073730 749.810403 875.347275
9216 128 5000 778.799762 776.942937 872.456179 869.972566 771.526115
9472 128 5000 767.517061 782.213964 866.172289 863.371977 762.065671
9728 128 5000 782.455479 788.969992 796.306197 787.941530 876.310048
9984 128 5000 785.397692 788.898217 793.276142 792.813539 789.619634
10240 128 5000 888.142025 799.551033 883.341645 887.456498 897.482950
10496 128 5000 799.029380 765.066855 794.267742 765.014577 795.801495
10752 128 5000 882.713325 888.549145 823.257483 817.322105 819.239011
11008 128 5000 790.033081 814.163546 878.432937 820.373325 880.507924
11264 128 5000 825.059800 896.647968 827.655251 819.544581 819.908102
11520 128 5000 891.813431 842.567197 840.396672 894.789859 847.721106
11776 128 5000 883.234501 848.262201 900.682386 848.950167 837.683672
12032 128 5000 805.051646 811.661906 909.437483 900.188209 902.096952
