2048 64 5000 76.263179 79.754661 80.873697 80.544699 79.781847
2304 64 5000 78.266685 78.371512 78.856849 79.435436 78.389844
2560 64 5000 79.347552 78.820767 79.247765 77.805638 78.311410
2816 64 5000 77.383897 75.973999 76.954346 77.351348 77.026045
3072 64 5000 78.821020 77.984388 78.362349 77.863321 76.428605
3328 64 5000 75.106140 78.548458 76.266865 78.072812 77.337458
3584 64 5000 76.276113 76.973878 77.141108 77.099103 77.351301
3840 64 5000 72.938802 71.876042 72.840223 74.898514 73.357690
4096 64 5000 75.071594 75.886985 73.921675 76.725223 76.486138
4352 64 5000 72.956252 73.293756 71.868920 76.277276 76.438882
4608 64 5000 73.886487 73.555512 73.214765 73.899817 74.649927
4864 64 5000 73.754940 76.435173 76.603703 73.558699 75.022292
5120 64 5000 74.597848 74.984668 76.983075 62.975904 74.374688
5376 64 5000 73.971578 72.237736 74.463057 73.166499 72.991412
5632 64 5000 74.538025 72.794248 73.685932 75.348577 72.958684
5888 64 5000 73.082711 71.492914 73.917325 73.359004 70.470926
6144 64 5000 75.629515 72.494506 74.417760 74.616024 74.495019
6400 64 5000 75.296055 72.703262 73.760071 74.025345 73.509618
6656 64 5000 73.272947 74.542839 74.081339 74.025468 74.964980
6912 64 5000 74.106437 72.834803 75.375970 73.544384 74.806966
7168 64 5000 72.183707 72.679341 73.331330 75.711895 68.144169
7424 64 5000 74.095052 73.562763 76.187544 73.929496 67.378357
7680 64 5000 70.387279 71.733382 72.239010 70.319407 72.500922
7936 64 5000 71.071309 73.269052 70.967237 71.399412 72.676696
8192 64 5000 71.617782 71.920371 71.314042 70.694012 71.655368
8448 64 5000 73.418773 72.842108 71.472648 73.727129 72.281193
8704 64 5000 71.343531 71.032042 70.168614 70.498069 70.262784
8960 64 5000 72.581278 71.434622 63.242781 74.572092 73.975840
9216 64 5000 74.254090 71.942741 73.577350 73.812515 74.524480
9472 64 5000 75.038744 74.076138 62.555904 74.295113 74.947827
9728 64 5000 73.116401 72.818459 72.787811 71.409630 72.928493
9984 64 5000 73.086637 72.427207 72.997797 72.678136 72.724789
10240 64 5000 71.270418 71.975979 71.547257 71.130870 72.523975
10496 64 5000 71.699040 74.406570 72.467889 72.659306 73.355319
10752 64 5000 72.343146 72.474654 71.900795 72.828413 67.503899
11008 64 5000 73.553081 72.188044 73.698812 74.351847 73.982224
11264 64 5000 71.928193 73.809358 72.757514 56.675461 77.593459
11520 64 5000 79.234650 50.054516 77.346096 78.764687 78.055556
11776 64 5000 52.580745 76.045486 75.711949 75.887443 73.384433
12032 64 5000 74.502413 73.838884 76.124797 74.942677 76.278174
