2048 128 5000 79.524330 81.568237 84.509149 83.446550 83.303356
2304 128 5000 82.520566 82.467493 84.601880 83.007864 82.824629
2560 128 5000 83.009500 81.348527 83.290969 82.666895 82.281215
2816 128 5000 81.066225 82.326393 80.346308 81.400517 81.700152
3072 128 5000 80.875693 82.221479 80.943618 81.117277 82.188139
3328 128 5000 82.255666 80.716088 79.838667 80.708136 79.901863
3584 128 5000 80.665082 82.375123 81.452231 81.693592 81.663925
3840 128 5000 79.023270 79.733185 80.752587 80.233230 81.240021
4096 128 5000 79.904168 80.738195 80.702899 80.898904 80.742422
4352 128 5000 81.073497 80.814271 80.942736 81.310886 78.843704
4608 128 5000 79.501177 81.143055 80.711348 80.271753 79.892722
4864 128 5000 80.568777 79.282804 80.097570 79.589901 81.005069
5120 128 5000 78.630682 77.762985 79.335641 77.658306 81.070984
5376 128 5000 77.563341 77.373740 78.515243 76.841337 78.514526
5632 128 5000 75.767666 78.840387 77.884352 78.795576 79.520470
5888 128 5000 76.347310 76.773974 78.719702 77.614904 78.700795
6144 128 5000 78.809014 77.722499 80.380874 78.789907 77.389643
6400 128 5000 78.035993 79.455759 79.101457 78.463374 78.809545
6656 128 5000 78.875847 78.483480 79.640743 78.466710 69.882131
6912 128 5000 78.460057 77.154428 76.721281 80.736611 78.066824
7168 128 5000 80.389442 80.802758 77.924955 78.373595 78.857783
7424 128 5000 80.588347 78.225852 79.482491 68.850711 79.540638
7680 128 5000 80.130159 78.689154 78.122094 76.069024 81.061692
7936 128 5000 79.699595 80.692818 77.986344 79.567497 78.852388
8192 128 5000 78.967242 80.313356 79.497801 79.068827 76.544428
8448 128 5000 79.917935 80.517651 78.907526 79.966278 81.893943
8704 128 5000 80.439093 77.796662 81.848984 81.180422 81.219127
8960 128 5000 80.276623 81.383335 81.399624 80.868479 78.519758
9216 128 5000 82.161235 77.662478 78.608507 82.297540 81.799573
9472 128 5000 80.805754 80.329157 81.286405 80.010664 81.364195
9728 128 5000 79.830950 80.505955 81.125821 79.817031 80.436372
9984 128 5000 79.821812 79.667056 80.701001 79.065238 80.281637
10240 128 5000 79.643684 79.956371 79.559857 79.898177 80.370063
10496 128 5000 79.164683 79.178680 22.848459 77.018346 21.599513
10752 128 5000 22.635804 80.265855 80.476312 79.595803 79.895783
11008 128 5000 79.105411 79.262851 79.290952 78.610849 79.504362
11264 128 5000 80.017671 79.631939 80.235957 80.361624 79.635458
11520 128 5000 80.608059 80.591230 79.719391 79.470541 80.833242
11776 128 5000 81.029817 80.056681 80.902562 80.558646 80.553825
12032 128 5000 80.605867 80.804553 80.056140 81.095415 79.190782
