256 2048 5000 301.536763 299.432305 300.716965 302.416852 303.333680
256 2304 5000 343.852531 345.613501 344.201681 348.262302 349.637217
256 2560 5000 312.674739 319.326421 333.761128 332.312435 337.008392
256 2816 5000 312.176195 317.900233 330.392220 323.832284 340.083783
256 3072 5000 294.338775 307.497889 318.514738 323.965199 309.192845
256 3328 5000 348.698471 354.284003 357.489090 355.036964 356.307975
256 3584 5000 293.828821 300.261808 304.737611 309.952908 309.057102
256 3840 5000 281.600733 344.631263 351.688609 352.531092 352.951314
256 4096 5000 317.500151 321.568195 320.728216 322.474059 322.281780
256 4352 5000 330.346087 339.469579 348.049059 335.936124 355.864466
256 4608 5000 325.515323 322.743813 326.546159 315.425711 314.767536
256 4864 5000 340.238378 59.710173 326.643337 333.933341 352.893297
256 5120 5000 264.342270 296.718870 303.390552 240.865021 318.274975
256 5376 5000 303.920642 305.074015 319.373254 313.898367 312.498524
256 5632 5000 271.184808 286.380086 288.561547 289.785303 290.976020
256 5888 5000 347.892558 353.436285 355.982127 357.720768 361.133526
256 6144 5000 304.711129 281.081390 299.929063 300.064101 301.740385
256 6400 5000 351.144907 355.151694 364.855897 365.777970 369.042256
256 6656 5000 329.698771 340.336594 334.216504 338.367198 338.626761
256 6912 5000 352.947090 328.491496 328.121141 337.913781 343.100460
256 7168 5000 320.246842 323.783040 325.915401 324.922798 326.426754
256 7424 5000 344.255299 343.053530 348.999027 344.719859 353.179565
256 7680 5000 347.607160 342.111399 345.021953 343.519693 346.460467
256 7936 5000 353.426554 343.878915 331.773659 332.394643 331.761740
256 8192 5000 370.338349 371.490318 372.359669 367.877516 372.022792
256 8448 5000 372.197019 371.742785 373.499311 373.512212 372.734574
256 8704 5000 380.118459 379.474987 380.375421 378.864609 381.991298
256 8960 5000 379.227908 378.824563 379.957859 378.969768 380.775309
256 9216 5000 381.823655 379.965342 384.113784 383.711467 383.693994
256 9472 5000 382.078715 384.315665 377.996433 380.787507 379.364876
256 9728 5000 383.530050 379.233848 388.323936 384.303002 389.566784
256 9984 5000 383.998846 387.551782 385.130627 387.144385 384.146594
256 10240 5000 387.081532 390.829206 396.193793 42.834043 376.073085
256 10496 5000 390.170009 387.495061 390.672626 388.184747 389.967287
256 10752 5000 364.953965 368.050790 369.410154 371.663750 347.072249
256 11008 5000 338.544930 339.681009 343.634217 342.369232 345.749004
256 11264 5000 404.580671 405.093337 405.752270 338.870426 404.577265
256 11520 5000 388.952048 388.425420 389.269328 383.128980 388.757214
256 11776 5000 394.035594 394.614307 392.399468 393.919231 393.235833
256 12032 5000 394.635344 393.495968 394.833642 393.989225 394.833642
