32 2048 5000 1.820409 101.157658 101.631412 93.241897 95.955958
32 2304 5000 93.090909 96.238089 98.238508 94.817254 98.209719
32 2560 5000 88.579399 91.267631 91.091047 92.055287 92.038739
32 2816 5000 101.798464 103.166716 106.419765 106.311791 105.999153
32 3072 5000 91.340222 87.031659 89.849191 91.790543 92.450062
32 3328 5000 101.128119 102.577538 100.812208 104.627355 105.470824
32 3584 5000 102.130085 41.778561 103.940547 103.791924 105.635074
32 3840 5000 99.133550 89.655474 82.583975 78.013104 74.491689
32 4096 5000 101.685027 99.008944 99.354174 99.541298 100.223276
32 4352 5000 78.103934 78.820054 79.556698 79.293067 80.074518
32 4608 5000 82.628771 83.950674 84.103898 85.125446 84.495227
32 4864 5000 81.207087 78.419202 76.963548 72.166172 71.967301
32 5120 5000 75.288582 76.146567 76.735015 75.932002 76.343134
32 5376 5000 79.350554 80.985962 79.149758 80.840586 83.997539
32 5632 5000 83.532171 81.206124 82.197979 80.552079 81.659432
32 5888 5000 82.872675 83.017272 82.767830 83.879125 81.567487
32 6144 5000 102.722077 105.881973 108.350234 110.790037 109.667775
32 6400 5000 108.160635 95.959217 86.776719 86.132934 90.635511
32 6656 5000 89.172465 89.229248 91.206975 90.140845 88.734835
32 6912 5000 94.831888 94.903502 88.184355 94.688174 95.051139
32 7168 5000 91.079328 88.969567 84.776358 86.421967 85.350480
32 7424 5000 88.859631 87.078022 90.732989 88.075571 88.385556
32 7680 5000 83.101144 86.547401 81.141046 85.408659 84.049248
32 7936 5000 84.175915 81.735436 81.423579 82.602671 81.534421
32 8192 5000 126.781707 122.948774 122.557903 118.221340 119.649100
32 8448 5000 115.413778 118.363880 119.987217 121.408747 123.791556
32 8704 5000 128.138974 126.198653 127.685481 129.083207 128.950536
32 8960 5000 124.008477 123.699242 125.965433 126.069560 128.126983
32 9216 5000 120.845763 124.561581 123.684983 119.598031 122.966076
32 9472 5000 129.224577 129.319407 129.811217 133.390837 128.564642
32 9728 5000 119.468239 119.739363 120.859734 120.587255 119.423323
32 9984 5000 119.123043 118.803222 118.979309 119.765184 119.036051
32 10240 5000 131.533947 131.289415 131.510720 131.238936 129.783509
32 10496 5000 126.205990 126.708768 127.778919 129.284966 129.158687
32 10752 5000 122.934442 124.284414 118.598591 121.006134 120.674247
32 11008 5000 115.835580 117.302147 118.160716 118.755858 120.441755
32 11264 5000 127.257065 126.898650 127.927314 128.164757 82.037089
32 11520 5000 8.302706 12.597693 131.451515 131.832291 135.341327
32 11776 5000 137.936689 137.771278 138.275809 135.173760 136.640269
32 12032 5000 137.180319 136.929555 134.353191 135.139764 134.688766
