2048 32 5000 32.898938 71.365101 70.960197 71.519305 71.320057
2304 32 5000 71.334030 69.277607 70.681622 71.127576 70.528813
2560 32 5000 71.389978 71.319125 70.998943 71.396200 71.781571
2816 32 5000 70.890697 70.972213 71.356625 70.677187 71.639133
3072 32 5000 71.406572 72.157139 71.668951 71.168771 72.374950
3328 32 5000 72.103888 72.250641 71.470947 71.244314 71.763770
3584 32 5000 71.365990 71.767018 71.103175 71.709580 71.696132
3840 32 5000 70.409461 71.159704 70.844624 71.324921 70.248454
4096 32 5000 71.887237 71.903012 71.522427 71.257244 71.899856
4352 32 5000 71.799631 71.944289 71.661452 71.519397 72.109689
4608 32 5000 72.729425 73.037793 72.884724 73.447431 72.581217
4864 32 5000 72.407216 72.860045 72.047918 73.826306 72.020582
5120 32 5000 72.388594 73.694248 72.475051 72.005555 51.213444
5376 32 5000 70.960344 71.944997 71.734399 72.228333 72.548160
5632 32 5000 72.103444 72.005498 72.404705 72.844855 72.162340
5888 32 5000 71.412436 72.660522 72.513990 73.066274 72.544701
6144 32 5000 73.106956 72.704144 72.606949 72.914998 71.823947
6400 32 5000 71.987965 72.118263 72.257190 72.043170 73.039037
6656 32 5000 73.284292 73.171000 74.032673 73.614068 72.879570
6912 32 5000 72.543605 72.176683 72.811545 72.565501 72.461850
7168 32 5000 73.284472 73.455794 73.056661 73.511823 72.588720
7424 32 5000 73.490853 72.568210 72.582843 72.680103 72.961352
7680 32 5000 74.768630 72.667061 73.005103 73.596703 73.085433
7936 32 5000 72.393072 73.234400 72.833232 72.485643 72.246846
8192 32 5000 73.513295 73.175525 73.382415 73.264283 73.375020
8448 32 5000 73.769982 73.171762 73.006168 72.563293 70.075536
8704 32 5000 67.936310 68.406162 68.644548 68.637443 68.547915
8960 32 5000 67.840884 70.140761 69.840744 69.927955 69.284824
9216 32 5000 68.849658 68.297654 69.729369 68.220870 70.639297
9472 32 5000 69.691897 69.856049 70.664155 70.374412 70.739028
9728 32 5000 71.295147 71.949337 60.335698 72.337222 72.733050
9984 32 5000 72.233326 71.138979 71.806352 71.602935 71.887136
10240 32 5000 72.115850 70.790037 71.777168 64.213711 72.359501
10496 32 5000 72.701455 71.497420 71.910112 70.007462 70.457139
10752 32 5000 68.449743 68.905133 68.590020 69.716324 68.611631
11008 32 5000 70.114929 70.110742 69.078744 69.178319 68.408256
11264 32 5000 70.406876 70.554061 70.649204 69.565754 70.195719
11520 32 5000 69.259645 69.610142 69.991570 69.816860 69.973767
11776 32 5000 69.721987 69.693360 70.285595 70.144036 69.578833
12032 32 5000 70.259598 70.095871 69.875031 69.304015 70.853837
