2048 256 5000 8.916356 174.112646 175.952103 175.404648 180.071165
2304 256 5000 174.140405 171.366811 173.578731 173.636985 171.956339
2560 256 5000 170.700451 169.721706 173.678910 172.785995 171.545839
2816 256 5000 169.307875 167.452405 168.836802 168.233965 168.358906
3072 256 5000 167.326669 169.903429 165.657400 168.506940 164.134759
3328 256 5000 167.540058 164.676684 163.447098 165.888726 164.697058
3584 256 5000 166.534287 164.590651 163.952425 161.837835 167.149561
3840 256 5000 164.443508 165.140204 161.849254 161.176822 165.312382
4096 256 5000 160.460796 158.882373 159.707080 160.572844 163.053268
4352 256 5000 157.841109 161.272915 160.222736 161.996103 160.083223
4608 256 5000 163.622745 157.599919 160.946539 158.700314 158.601311
4864 256 5000 150.553277 149.670173 150.970555 153.825172 150.990692
5120 256 5000 153.756640 159.328223 161.351953 156.869879 157.671118
5376 256 5000 152.477858 149.931694 151.901953 147.709744 157.764924
5632 256 5000 156.484856 156.090801 151.154053 158.101976 153.381149
5888 256 5000 158.249991 149.088061 150.325418 150.995532 152.212304
6144 256 5000 158.373157 157.151564 156.351419 160.631060 159.276399
6400 256 5000 149.152913 147.738565 146.828455 148.049887 150.755064
6656 256 5000 150.166476 152.484590 154.411122 154.489522 147.520029
6912 256 5000 30.093051 149.561578 149.991862 149.434261 156.821372
7168 256 5000 158.830871 157.204294 155.463041 158.031224 155.325921
7424 256 5000 152.564926 150.320962 136.723292 152.882785 153.471666
7680 256 5000 153.687410 153.485366 156.410003 154.451413 153.948308
7936 256 5000 154.094750 150.523301 152.276788 152.879985 153.757012
8192 256 5000 153.324121 155.043464 157.710958 157.629639 148.023880
8448 256 5000 155.590856 156.377703 151.806569 152.862396 149.600317
8704 256 5000 152.333656 148.443564 49.198464 155.814848 153.208881
8960 256 5000 149.808116 155.734466 152.753581 150.494769 150.270371
9216 256 5000 155.404145 152.968805 154.150768 148.259753 152.053529
9472 256 5000 151.295365 145.701187 149.589756 155.001163 153.129231
9728 256 5000 151.210538 153.794583 155.611820 151.400092 152.207539
9984 256 5000 154.792010 153.431447 154.255400 151.260731 151.935286
10240 256 5000 153.547698 156.710458 155.644167 156.439624 154.412354
10496 256 5000 155.241334 154.858759 154.119920 154.286115 155.341853
10752 256 5000 155.642988 156.126425 155.895633 156.926098 156.346712
11008 256 5000 156.341949 155.640634 151.958440 154.680572 132.768097
11264 256 5000 159.721898 160.797994 157.698193 158.382290 157.861878
11520 256 5000 153.868468 158.809617 158.401207 157.006217 156.389931
11776 256 5000 158.882353 151.492687 161.717979 158.085515 158.580972
12032 256 5000 156.436557 158.068158 158.237712 155.950087 159.335715
