128 2048 5000 183.870379 183.317483 182.115267 184.359176 185.101185
128 2304 5000 212.295200 214.247730 213.890339 214.887788 213.803503
128 2560 5000 210.818879 210.183320 212.024743 211.311021 210.234563
128 2816 5000 209.640797 211.627388 209.897162 211.094453 211.143915
128 3072 5000 203.061288 207.093125 208.520793 206.886102 207.112759
128 3328 5000 208.449877 210.204686 210.016072 209.534678 208.883266
128 3584 5000 207.753061 202.890654 203.470177 131.308355 144.487909
128 3840 5000 161.824743 166.672318 170.752043 171.856534 124.705691
128 4096 5000 181.513769 185.751740 185.638614 181.778089 178.841444
128 4352 5000 168.669913 169.796874 176.320371 172.680211 176.480130
128 4608 5000 163.744482 170.825827 174.387540 173.525622 176.601414
128 4864 5000 170.733125 177.041722 175.522402 178.893410 180.509585
128 5120 5000 170.445620 171.279526 173.839233 173.177744 173.808804
128 5376 5000 181.874118 183.817456 181.920277 183.117961 181.103473
128 5632 5000 177.199209 178.606716 176.719649 177.058199 175.426096
128 5888 5000 191.159134 181.407328 179.819718 179.764818 179.289279
128 6144 5000 170.182857 172.250866 174.382899 170.038616 174.569476
128 6400 5000 194.452225 193.337047 194.959423 194.209743 194.930661
128 6656 5000 151.643219 157.048267 159.496183 157.384802 160.081171
128 6912 5000 185.897808 175.768147 179.330866 180.580479 185.459805
128 7168 5000 184.632226 183.471445 191.085360 189.680594 193.865632
128 7424 5000 189.648552 192.638062 191.711555 191.142382 192.641186
128 7680 5000 175.621887 188.522641 186.228375 191.445108 185.504446
128 7936 5000 186.545609 172.177851 171.172246 178.554629 176.557248
128 8192 5000 208.481822 206.732464 208.950441 209.352601 211.991994
128 8448 5000 203.260915 204.064903 206.784030 206.416933 208.332980
128 8704 5000 205.137119 202.168098 211.332666 204.136556 206.561085
128 8960 5000 214.521662 212.630104 217.946866 215.391087 217.394931
128 9216 5000 212.785362 211.454199 216.598607 213.757013 218.340120
128 9472 5000 220.870573 223.156918 221.013103 223.370709 221.559154
128 9728 5000 169.469510 180.302574 163.428847 200.234779 204.136556
128 9984 5000 201.902824 201.214892 210.211601 205.578166 211.239417
128 10240 5000 198.277896 216.290429 207.264504 216.962081 205.361535
128 10496 5000 216.881909 216.385881 218.663819 217.664080 219.649082
128 10752 5000 199.199875 211.727132 207.054179 208.106163 205.762675
128 11008 5000 209.193054 207.451642 212.410982 211.221375 214.035248
128 11264 5000 216.348200 222.151140 219.490259 221.818249 219.934224
128 11520 5000 219.055004 218.386038 221.880483 219.678325 221.959304
128 11776 5000 216.946030 217.555994 218.302736 218.637750 219.148893
128 12032 5000 222.463996 222.583601 223.303938 223.827088 223.602860
