64 2048 5000 113.180437 142.172857 151.584401 156.653520 157.164440
64 2304 5000 142.200278 153.440166 158.821249 163.053719 169.602724
64 2560 5000 152.542688 158.229193 162.846636 161.775742 162.195339
64 2816 5000 170.650507 168.188436 168.853411 167.678309 168.793317
64 3072 5000 150.858616 158.289321 161.477052 163.766305 164.820683
64 3328 5000 161.396702 141.815034 159.163055 164.368508 166.647367
64 3584 5000 167.542694 170.109760 169.049128 171.614120 171.273259
64 3840 5000 168.601301 170.160911 169.902107 169.949104 167.149561
64 4096 5000 164.717119 165.842549 165.309185 165.261247 165.357152
64 4352 5000 163.397865 170.263959 170.097590 173.205313 173.589609
64 4608 5000 163.767215 169.380629 169.561768 172.265707 172.010499
64 4864 5000 161.269868 170.705974 170.644213 173.929757 174.021153
64 5120 5000 155.852556 153.599520 164.747760 109.526770 160.848223
64 5376 5000 168.465584 170.084532 175.930623 176.903934 175.786806
64 5632 5000 176.335796 180.301530 177.690139 178.400744 178.816712
64 5888 5000 175.450228 176.402959 181.858194 176.285776 181.981147
64 6144 5000 160.454412 159.443350 164.298667 160.481916 165.915324
64 6400 5000 163.631860 169.660017 172.679826 174.306773 178.025035
64 6656 5000 163.933316 171.338015 172.836821 175.911595 175.149253
64 6912 5000 181.115760 183.196395 183.032670 181.400956 181.866320
64 7168 5000 159.982145 162.913719 168.920899 169.411209 169.983696
64 7424 5000 169.874651 172.946529 173.748455 175.169220 173.604981
64 7680 5000 162.153603 173.235118 168.580483 175.376250 167.956043
64 7936 5000 168.519403 147.320180 156.278154 151.147510 162.052198
64 8192 5000 184.964051 185.456063 187.121412 185.966530 186.780098
64 8448 5000 182.098400 180.220396 185.094452 180.909042 192.405856
64 8704 5000 186.290155 189.788562 187.920332 193.279947 188.447981
64 8960 5000 194.246846 194.106138 195.659888 194.083802 194.843497
64 9216 5000 194.165399 194.615141 10.561359 194.036371 196.592273
64 9472 5000 199.529982 197.353891 200.355625 197.636994 199.837811
64 9728 5000 192.678972 187.193919 187.348263 15.564738 178.390056
64 9984 5000 187.290719 185.634435 187.131653 186.763004 189.510398
64 10240 5000 177.658259 177.974755 140.482652 190.373275 191.654872
64 10496 5000 199.387363 198.503564 199.419326 198.146389 199.649292
64 10752 5000 191.336941 194.213075 192.024646 194.490828 190.741870
64 11008 5000 194.595072 193.863613 193.089990 194.174586 194.199207
64 11264 5000 199.309918 199.052363 196.270059 195.218752 198.622392
64 11520 5000 191.195386 191.916037 192.297460 191.342261 192.235288
64 11776 5000 191.862815 191.296932 192.091674 192.037834 192.040770
64 12032 5000 198.319795 198.249336 197.908978 198.530451 198.242191
