1200 1200 1200 416.877759
1800 1800 1800 449.452057
2400 2400 2400 304.592015
3000 3000 3000 315.915840
3600 3600 3600 297.385827
4200 4200 4200 434.110816
4800 4800 4800 355.895272
5400 5400 5400 394.043306
6000 6000 6000 353.222138
6600 6600 6600 431.343425
7200 7200 7200 385.584506
7800 7800 7800 397.083243
8400 8400 8400 367.230133
9000 9000 9000 355.949506
9600 9600 9600 413.557284
10200 10200 10200 472.235440
10800 10800 10800 456.091270
11400 11400 11400 470.499912
12000 12000 12000 465.911057
