1200 1200 1200 622.366288
1800 1800 1800 685.786856
2400 2400 2400 712.463472
3000 3000 3000 705.307044
3600 3600 3600 747.322239
4200 4200 4200 751.571099
4800 4800 4800 766.036500
5400 5400 5400 765.094391
6000 6000 6000 762.721021
6600 6600 6600 783.422281
7200 7200 7200 783.252636
7800 7800 7800 774.835323
8400 8400 8400 778.605275
9000 9000 9000 781.462299
9600 9600 9600 788.859162
10200 10200 10200 776.985073
10800 10800 10800 780.962284
11400 11400 11400 794.130374
12000 12000 12000 768.363521
