1200 1200 1200 580.157798
1800 1800 1800 714.058329
2400 2400 2400 797.264019
3000 3000 3000 819.689550
3600 3600 3600 817.267437
4200 4200 4200 727.726346
4800 4800 4800 853.432769
5400 5400 5400 812.178343
6000 6000 6000 784.650778
6600 6600 6600 820.455803
7200 7200 7200 819.881277
7800 7800 7800 817.035167
8400 8400 8400 828.271900
9000 9000 9000 797.526683
9600 9600 9600 836.974470
10200 10200 10200 797.817911
10800 10800 10800 839.138647
11400 11400 11400 783.771466
12000 12000 12000 827.531553
