1200 1200 1200 214.078644
1800 1800 1800 552.361649
2400 2400 2400 541.315227
3000 3000 3000 551.924889
3600 3600 3600 670.166694
4200 4200 4200 662.442206
4800 4800 4800 676.029063
5400 5400 5400 658.172696
6000 6000 6000 663.513544
6600 6600 6600 630.074499
7200 7200 7200 637.555164
7800 7800 7800 696.483459
8400 8400 8400 696.668462
9000 9000 9000 699.620420
9600 9600 9600 698.531911
10200 10200 10200 721.355104
10800 10800 10800 720.344486
11400 11400 11400 732.725973
12000 12000 12000 738.442572
