8 8 8 3.012 3.200 3.200 3.012 3.200
16 16 16 8.533 8.533 8.533 8.533 8.359
24 24 24 17.953 17.723 17.953 17.953 17.953
32 32 32 16.891 16.804 16.891 16.804 16.891
40 40 40 18.713 18.659 18.713 18.713 18.713
48 48 48 25.078 25.078 25.078 25.078 25.078
56 56 56 21.628 21.925 21.925 21.925 21.925
64 64 64 22.638 22.638 22.638 22.463 22.638
72 72 72 28.127 28.106 28.127 28.127 27.959
80 80 80 25.098 25.086 25.073 24.927 25.086
88 88 88 25.862 25.853 25.853 25.853 25.853
96 96 96 30.052 30.052 29.839 30.052 30.052
104 104 104 27.184 27.256 27.184 27.250 27.210
112 112 112 27.793 27.782 27.732 27.771 27.732
120 120 120 31.412 31.470 31.407 31.401 31.475
128 128 128 23.603 23.603 23.635 23.635 23.622
136 136 136 26.189 26.170 26.173 26.140 26.129
144 144 144 28.585 28.604 28.632 28.618 28.579
152 152 152 26.508 26.494 26.522 26.470 26.506
160 160 160 26.278 26.256 26.265 26.261 26.278
168 168 168 28.948 28.946 28.955 28.951 28.927
176 176 176 27.020 27.029 27.028 27.018 27.026
184 184 184 24.968 27.099 27.098 27.098 27.062
192 192 192 28.444 28.448 28.444 28.448 28.450
200 200 200 27.528 27.528 27.532 27.543 27.525
