8 8 8 3.012 3.012 3.012 3.200 3.012
16 16 16 8.031 8.031 8.031 8.031 8.031
24 24 24 16.859 17.067 17.067 17.067 17.067
32 32 32 16.549 16.302 16.384 16.302 16.302
40 40 40 18.768 18.605 18.551 18.551 18.551
48 48 48 25.307 25.249 25.423 25.307 25.249
56 56 56 22.146 22.174 22.174 22.118 22.146
64 64 64 23.322 23.137 23.137 22.975 23.117
72 72 72 29.069 29.092 29.024 28.979 28.778
80 80 80 25.587 25.806 25.549 25.473 25.549
88 88 88 26.527 26.547 26.672 26.547 26.547
96 96 96 30.519 30.603 30.699 30.614 30.624
104 104 104 27.726 27.774 27.713 27.761 27.699
112 112 112 28.031 27.975 28.110 28.155 28.189
120 120 120 31.976 31.905 32.036 31.935 31.941
128 128 128 27.598 27.620 27.601 27.612 27.869
136 136 136 29.362 29.342 29.359 29.345 29.403
144 144 144 32.559 32.577 32.563 32.563 32.531
152 152 152 29.756 29.748 29.786 29.794 29.761
160 160 160 29.668 29.666 29.688 29.651 29.664
168 168 168 32.921 32.844 32.871 32.885 32.923
176 176 176 30.239 30.234 30.283 30.224 30.234
184 184 184 28.160 30.492 30.450 30.447 30.450
192 192 192 32.054 32.051 32.050 32.054 32.040
200 200 200 30.833 30.834 30.829 30.833 30.831
