8 8 8 8.533 8.533 8.533 8.533 8.533
16 16 16 18.618 18.618 18.618 18.618 18.618
24 24 24 24.253 24.686 24.253 24.686 24.253
32 32 32 27.536 27.769 27.536 27.769 27.536
40 40 40 29.907 29.907 29.907 29.907 29.767
48 48 48 31.329 29.809 31.329 31.329 31.329
56 56 56 32.047 32.164 32.047 32.164 32.047
64 64 64 32.284 31.698 32.244 31.097 32.244
72 72 72 32.885 33.266 32.914 33.237 32.914
80 80 80 33.596 33.182 33.706 33.204 33.729
88 88 88 33.587 34.193 33.686 34.210 33.521
96 96 96 34.493 34.081 34.372 34.094 34.533
104 104 104 34.410 34.977 34.537 34.955 34.547
112 112 112 35.176 34.862 35.220 34.888 35.185
120 120 120 35.143 35.432 35.022 35.526 35.086
128 128 128 34.391 34.521 34.459 34.493 34.459
136 136 136 35.594 35.797 35.539 35.736 35.524
144 144 144 35.989 35.747 35.993 35.782 36.010
152 152 152 35.846 36.126 35.857 36.141 35.853
160 160 160 36.273 36.009 36.264 36.037 36.267
168 168 168 36.077 36.232 36.085 36.276 36.102
176 176 176 36.513 36.277 36.530 36.348 36.520
184 184 184 36.063 35.899 35.907 35.909 35.901
192 192 192 35.004 35.006 35.003 35.006 35.010
200 200 200 35.549 35.556 35.535 35.540 35.530
