8 8 8 8.533 8.533 8.533 8.533 8.533
16 16 16 18.618 18.618 10.779 18.618 18.618
24 24 24 24.253 24.686 24.253 24.253 24.253
32 32 32 27.536 27.307 27.307 27.536 27.536
40 40 40 29.493 29.630 29.630 29.630 29.493
48 48 48 30.806 30.806 30.978 30.892 30.806
56 56 56 31.643 31.700 31.586 31.700 31.700
64 64 64 31.171 30.913 31.470 30.913 31.546
72 72 72 32.316 32.570 32.204 32.288 32.260
80 80 80 32.947 32.446 32.968 32.060 32.926
88 88 88 32.985 33.324 32.826 33.455 32.985
96 96 96 33.513 33.074 33.462 33.273 33.411
104 104 104 33.729 34.149 33.749 34.128 33.679
112 112 112 34.418 33.952 34.200 33.903 34.418
120 120 120 34.333 34.671 34.333 34.734 34.409
128 128 128 34.658 34.128 34.544 34.295 34.595
136 136 136 34.696 35.137 34.777 35.083 34.725
144 144 144 35.220 34.936 34.969 34.863 35.241
152 152 152 35.079 35.291 35.062 35.394 35.079
160 160 160 35.289 35.056 35.259 35.174 35.280
168 168 168 35.385 35.646 35.359 35.542 35.359
176 176 176 35.679 35.443 35.593 35.486 35.686
184 184 184 35.463 35.114 35.100 35.110 35.118
192 192 192 34.916 34.916 34.918 34.925 34.916
200 200 200 34.758 34.757 34.757 34.760 34.758
