8 8 8 0.171 0.168 0.168 0.168 0.168
16 16 16 1.212 1.208 1.208 1.205 1.208
24 24 24 3.757 3.736 3.757 3.757 3.746
32 32 32 6.388 6.400 6.375 6.375 6.400
40 40 40 9.756 9.712 9.697 9.741 9.741
48 48 48 14.825 14.785 14.865 14.825 14.825
56 56 56 16.171 16.156 16.201 16.171 16.171
64 64 64 17.894 18.054 18.079 18.091 18.066
72 72 72 22.676 22.539 22.690 22.717 22.717
80 80 80 22.387 22.525 22.515 22.545 22.378
88 88 88 23.243 23.179 23.007 23.187 23.179
96 96 96 26.168 26.207 26.029 26.183 26.098
104 104 104 25.478 25.329 25.386 25.301 25.392
112 112 112 25.873 25.883 25.931 25.864 25.916
120 120 120 28.501 28.463 28.444 28.515 28.543
128 128 128 27.645 27.641 27.630 27.630 27.627
136 136 136 27.918 27.884 27.891 27.894 27.900
144 144 144 30.497 30.488 30.482 30.454 30.485
152 152 152 29.776 29.774 29.774 29.761 29.781
160 160 160 29.824 29.854 29.826 29.846 29.856
168 168 168 31.999 32.001 32.010 32.023 31.999
176 176 176 31.402 31.408 31.406 31.402 31.415
184 184 184 31.304 31.293 31.301 31.318 31.299
192 192 192 33.080 33.068 33.074 33.071 33.070
200 200 200 32.514 32.511 32.518 32.514 32.495
