8 8 8 0.171 0.169 0.168 0.168 0.168
16 16 16 1.205 1.201 1.201 1.205 1.201
24 24 24 3.787 3.777 3.777 3.777 3.777
32 32 32 6.363 6.363 6.388 6.388 6.375
40 40 40 9.639 9.639 9.624 9.653 9.610
48 48 48 14.706 14.706 14.726 14.687 14.325
56 56 56 16.053 16.053 16.038 16.038 16.023
64 64 64 18.167 18.017 18.167 18.167 18.167
72 72 72 22.676 22.458 22.676 22.649 22.676
80 80 80 22.575 22.456 22.615 22.585 22.446
88 88 88 23.124 23.140 22.999 23.093 23.132
96 96 96 26.068 26.230 26.075 26.183 26.191
104 104 104 25.358 25.289 25.363 25.289 25.318
112 112 112 25.869 25.979 25.945 25.873 25.931
120 120 120 28.402 28.337 28.328 28.360 28.356
128 128 128 27.246 27.236 27.253 27.225 27.232
136 136 136 27.682 27.673 27.642 27.676 27.679
144 144 144 30.305 30.324 30.287 30.284 30.308
152 152 152 29.583 29.583 29.586 29.583 29.586
160 160 160 29.675 29.711 29.711 29.690 29.709
168 168 168 31.691 31.678 31.662 31.708 31.708
176 176 176 31.148 31.160 31.167 31.171 31.144
184 184 184 30.821 30.993 31.000 30.991 30.986
192 192 192 32.625 32.628 32.640 32.628 32.640
200 200 200 32.126 32.116 32.054 32.056 32.118
