8 8 8 12.800000 17.066667 17.066667 17.066667 17.066667
16 16 16 29.257143 31.507692 31.507692 29.257143 29.257143
24 24 24 32.914286 32.914286 32.914286 32.914286 32.914286
32 32 32 36.008791 35.617391 35.617391 35.617391 35.617391
40 40 40 36.158192 36.158192 36.158192 36.158192 36.158192
48 48 48 37.873973 37.873973 37.744710 37.744710 37.744710
56 56 56 35.767006 35.694309 35.694309 35.767006 35.694309
64 64 64 35.714441 37.289331 37.289331 37.289331 37.289331
72 72 72 36.343525 36.343525 36.343525 36.343525 36.062609
80 80 80 37.841833 37.841833 37.841833 37.813885 37.813885
88 88 88 36.996308 37.157688 37.157688 37.137439 37.157688
96 96 96 37.158169 37.330633 37.346391 37.205046 37.346391
104 104 104 37.161018 37.038657 37.161018 37.161018 37.063064
112 112 112 37.554878 37.554878 37.544842 37.544842 37.444776
120 120 120 37.500000 37.394503 37.508140 37.313755 37.508140
128 128 128 37.943767 37.950633 38.026328 37.943767 37.936903
136 136 136 37.051937 36.981123 36.953959 37.019220 37.084712
144 144 144 38.018640 37.979954 37.955815 38.018640 38.076817
152 152 152 36.761311 36.765159 36.799832 36.792122 36.780561
160 160 160 37.368853 37.396147 37.379084 37.345004 37.402977
168 168 168 37.012193 37.055580 37.012193 37.070065 37.035320
176 176 176 37.021431 37.006354 37.054143 37.049106 37.018918
184 184 184 35.851197 36.598931 36.607534 36.607534 36.592481
192 192 192 37.459053 37.439238 37.447162 37.468968 37.453106
200 200 200 35.363805 35.324767 35.374751 35.373187 35.351304
