8 8 8 10.240000 10.240000 10.240000 10.240000 10.240000
16 16 16 20.480000 20.480000 20.480000 20.480000 19.504762
24 24 24 25.600000 25.600000 25.600000 25.600000 25.600000
32 32 32 28.998230 28.998230 28.998230 28.998230 28.998230
40 40 40 30.622010 30.769231 30.622010 30.769231 30.622010
48 48 48 30.382418 32.527059 32.527059 32.527059 32.527059
56 56 56 31.930182 31.930182 31.988342 31.930182 31.930182
64 64 64 33.868734 33.956477 33.956477 33.956477 33.479438
72 72 72 33.475157 33.445161 33.475157 33.475157 33.445161
80 80 80 35.140700 34.972678 35.140700 35.140700 35.140700
88 88 88 34.539888 34.452578 34.539888 34.539888 34.539888
96 96 96 34.955986 35.080730 35.080730 35.094645 34.983630
104 104 104 35.417632 35.417632 35.328643 35.406484 35.284316
112 112 112 35.885773 35.876609 35.785227 35.858295 35.785227
120 120 120 36.037539 35.962539 36.052577 36.045056 35.977514
128 128 128 36.497598 36.427862 36.484899 36.497598 36.446854
136 136 136 35.883823 35.940220 35.878705 35.873588 35.883823
144 144 144 36.877658 36.873104 36.900445 36.950674 36.909567
152 152 152 36.174372 36.200474 36.196743 36.178098 36.178098
160 160 160 36.987538 36.987538 36.977521 36.984199 37.004246
168 168 168 36.242697 36.248238 36.248238 36.212250 36.248238
176 176 176 36.759328 36.789095 36.806481 36.818910 36.816424
184 184 184 36.029520 35.923557 35.935991 35.909062 35.890442
192 192 192 36.720560 36.705326 36.728182 36.701519 36.688202
200 200 200 35.112360 35.070799 35.101575 35.063114 35.070799
