8 8 8 1.422 1.422 1.422 1.422 1.422
16 16 16 7.062 6.942 7.062 7.062 7.062
24 24 24 12.800 12.920 12.800 12.800 12.800
32 32 32 17.906 17.906 17.906 17.906 13.944
40 40 40 20.513 20.447 20.447 20.513 20.513
48 48 48 23.234 23.234 23.283 23.283 23.234
56 56 56 23.764 23.764 23.764 23.764 23.168
64 64 64 26.032 26.006 26.032 26.006 26.006
72 72 72 26.285 25.830 26.230 26.211 26.211
80 80 80 27.963 27.766 27.963 27.948 27.963
88 88 88 27.512 27.713 27.713 27.713 27.713
96 96 96 29.286 29.113 29.306 29.315 29.142
104 104 104 28.902 28.835 28.932 28.820 28.924
112 112 112 30.266 30.351 30.266 30.397 30.240
120 120 120 29.860 29.943 29.686 29.829 29.953
128 128 128 24.792 24.804 24.766 24.783 24.815
136 136 136 29.642 29.698 29.667 29.656 29.702
144 144 144 30.538 30.566 30.578 30.569 30.553
152 152 152 30.389 30.382 30.371 30.376 30.384
160 160 160 31.351 31.351 31.353 31.334 31.325
168 168 168 28.737 28.728 28.721 28.718 28.727
176 176 176 31.841 31.841 31.844 31.839 31.837
184 184 184 31.566 31.590 31.598 31.583 31.593
192 192 192 32.269 32.269 32.275 32.276 32.265
200 200 200 32.051 32.040 32.047 32.033 32.033
