8 8 8 1.422 1.422 1.422 1.463 1.422
16 16 16 7.062 7.062 7.062 7.062 7.062
24 24 24 12.800 12.800 12.800 12.800 12.920
32 32 32 17.906 17.906 18.004 17.906 17.906
40 40 40 20.513 20.447 20.513 20.513 20.513
48 48 48 23.332 23.332 23.283 23.234 23.332
56 56 56 22.429 23.732 23.700 23.700 23.732
64 64 64 26.032 26.032 26.032 26.058 26.032
72 72 72 26.267 26.285 26.267 26.285 25.974
80 80 80 27.963 27.963 27.978 27.978 27.781
88 88 88 27.736 27.725 27.534 27.725 27.736
96 96 96 29.103 29.306 29.306 29.094 29.267
104 104 104 28.784 28.902 28.835 28.880 28.909
112 112 112 30.318 30.298 30.403 30.227 30.403
120 120 120 29.665 29.839 29.938 29.737 29.742
128 128 128 24.766 24.771 24.769 24.783 24.769
136 136 136 29.587 29.632 29.618 29.632 29.635
144 144 144 30.557 30.566 30.582 30.563 30.600
152 152 152 30.408 30.379 30.403 30.400 30.408
160 160 160 31.356 31.356 31.337 31.361 31.315
168 168 168 28.735 28.749 28.748 28.744 28.742
176 176 176 31.872 31.867 31.861 31.859 31.856
184 184 184 31.569 31.579 31.579 31.579 31.575
192 192 192 32.254 32.259 32.268 32.263 32.268
200 200 200 32.031 32.038 27.294 32.050 32.053
