8 8 8 3.200 3.200 3.413 3.200 3.413
16 16 16 8.715 8.715 8.715 8.715 8.715
24 24 24 18.681 18.681 18.681 18.681 18.681
32 32 32 18.618 18.618 18.618 18.618 18.618
40 40 40 20.513 20.513 20.382 20.317 20.513
48 48 48 27.307 27.374 27.374 27.307 27.307
56 56 56 24.945 24.945 23.926 24.910 25.052
64 64 64 25.230 25.206 25.206 25.230 25.206
72 72 72 30.924 31.130 31.130 31.130 31.130
80 80 80 27.766 27.527 27.781 27.781 27.781
88 88 88 27.579 27.792 27.827 27.635 27.815
96 96 96 31.986 31.986 31.917 32.009 31.986
104 104 104 28.843 28.969 28.939 28.843 28.909
112 112 112 28.257 28.177 28.200 28.257 28.206
120 120 120 29.865 29.912 29.901 29.824 29.865
128 128 128 22.298 22.298 22.305 22.329 22.308
136 136 136 25.352 25.357 25.355 25.357 25.347
144 144 144 27.062 27.062 27.057 27.071 27.054
152 152 152 24.792 24.811 24.700 24.769 24.780
160 160 160 26.021 26.008 26.010 26.033 26.018
168 168 168 28.251 28.242 28.253 28.232 28.229
176 176 176 26.455 26.478 26.442 26.452 26.487
184 184 184 26.471 26.538 26.553 26.556 26.559
192 192 192 26.951 26.790 26.824 26.780 26.786
200 200 200 25.152 25.136 25.122 25.116 25.101
