8 8 8 3.413 3.413 3.413 3.413 3.413
16 16 16 9.102 9.102 9.102 9.102 9.102
24 24 24 20.329 20.329 20.329 20.035 20.329
32 32 32 19.622 19.622 19.622 19.740 19.505
40 40 40 18.935 20.915 20.984 20.984 20.915
48 48 48 28.875 28.800 28.875 28.800 28.800
56 56 56 25.305 25.637 25.637 25.637 25.600
64 64 64 26.399 26.399 26.452 26.426 26.452
72 72 72 31.471 31.498 31.471 31.339 31.471
80 80 80 28.508 28.571 28.508 28.444 28.508
88 88 88 28.253 28.242 28.195 28.289 28.253
96 96 96 33.186 33.437 33.449 33.349 33.424
104 104 104 29.743 29.711 29.743 29.703 29.743
112 112 112 30.298 30.357 30.311 30.357 30.344
120 120 120 33.560 33.586 33.462 33.340 33.593
128 128 128 29.273 28.787 28.811 28.863 29.269
136 136 136 30.688 30.688 30.688 30.650 30.665
144 144 144 34.484 34.302 34.512 34.516 34.310
152 152 152 28.999 28.873 29.199 28.637 28.083
160 160 160 28.945 28.704 28.894 28.671 28.722
168 168 168 31.011 30.912 30.888 30.882 30.930
176 176 176 28.638 28.636 28.636 28.635 28.639
184 184 184 28.075 28.142 28.138 28.143 28.138
192 192 192 30.548 29.452 29.480 29.473 29.438
200 200 200 27.260 27.265 27.258 27.267 27.239
