8 8 8 10.240 10.240 10.240 10.240 10.240
16 16 16 20.480 19.505 19.505 19.505 19.505
24 24 24 25.600 25.600 25.135 25.135 25.600
32 32 32 27.769 27.307 27.536 27.536 27.536
40 40 40 30.047 30.189 30.332 30.189 30.047
48 48 48 30.299 30.466 30.299 30.216 30.216
56 56 56 33.198 33.261 33.261 33.198 33.198
64 64 64 32.363 31.891 32.165 32.047 32.204
72 72 72 34.656 34.850 34.785 34.850 34.721
80 80 80 32.842 33.118 33.225 32.863 33.011
88 88 88 34.929 35.364 35.273 35.401 34.947
96 96 96 33.349 33.062 33.111 33.161 33.513
104 104 104 34.697 35.406 34.750 35.362 34.782
112 112 112 32.879 32.454 32.933 32.401 32.972
120 120 120 34.333 34.629 34.272 34.678 34.374
128 128 128 32.902 32.712 32.922 32.758 32.897
136 136 136 34.397 34.777 34.430 34.729 34.350
144 144 144 32.864 32.609 32.856 32.584 32.882
152 152 152 34.895 35.031 34.826 35.027 34.940
160 160 160 33.363 33.075 33.461 33.182 33.385
168 168 168 35.246 35.526 35.348 35.494 35.251
176 176 176 33.618 33.373 33.659 33.146 33.753
184 184 184 35.613 35.611 35.583 35.597 35.585
192 192 192 33.853 33.997 33.854 33.888 33.812
200 200 200 35.638 35.743 35.714 35.796 35.756
