8 8 8 10.240 10.240 10.240 8.533 10.240
16 16 16 19.505 20.480 19.505 20.480 19.505
24 24 24 25.135 25.600 25.135 25.135 25.600
32 32 32 28.494 28.494 28.494 28.494 28.248
40 40 40 30.476 30.622 30.476 30.476 30.476
48 48 48 32.149 32.056 32.149 32.056 32.149
56 56 56 33.198 33.261 31.988 33.198 33.261
64 64 64 34.178 34.178 34.178 34.222 34.178
72 72 72 34.753 34.785 34.850 34.818 34.818
80 80 80 35.141 35.117 35.189 34.925 35.165
88 88 88 35.236 35.549 35.109 35.493 35.291
96 96 96 35.560 35.178 35.503 35.192 35.503
104 104 104 35.064 35.518 35.075 35.642 35.141
112 112 112 35.317 34.758 35.353 34.862 35.380
120 120 120 35.136 35.179 35.079 35.143 35.165
128 128 128 32.373 33.776 32.590 33.743 32.319
136 136 136 35.216 34.336 35.221 35.024 34.917
144 144 144 33.982 34.705 33.479 34.528 34.357
152 152 152 34.046 30.324 33.281 31.496 33.754
160 160 160 33.876 35.059 33.840 34.952 33.913
168 168 168 33.633 32.368 34.432 33.441 33.284
176 176 176 32.591 33.283 32.581 33.465 32.525
184 184 184 32.795 32.068 32.716 32.020 32.801
192 192 192 30.846 31.110 31.050 31.047 31.056
200 200 200 28.058 28.091 28.045 28.024 27.883
