8 8 8 0.251 0.249 0.246 0.249 0.247
16 16 16 1.700 1.700 1.693 1.693 1.693
24 24 24 5.276 5.256 5.236 5.256 5.236
32 32 32 8.131 8.192 8.151 8.131 8.131
40 40 40 12.030 12.053 12.008 12.053 12.008
48 48 48 17.471 17.526 17.471 17.499 17.499
56 56 56 18.486 18.161 18.466 18.466 18.447
64 64 64 20.026 20.057 20.057 19.935 20.072
72 72 72 25.101 25.118 25.084 25.084 24.867
80 80 80 24.604 24.580 24.604 24.533 24.615
88 88 88 25.562 25.495 25.590 25.571 25.610
96 96 96 28.339 28.357 28.275 28.348 28.339
104 104 104 28.220 28.284 28.227 28.291 28.249
112 112 112 28.451 28.394 28.400 28.446 28.400
120 120 120 31.407 31.373 31.373 31.407 31.378
128 128 128 29.722 29.726 29.722 29.785 29.768
136 136 136 30.154 30.140 30.132 30.125 30.125
144 144 144 32.326 32.330 32.351 32.344 32.333
152 152 152 31.629 31.658 31.621 31.598 31.629
160 160 160 31.385 31.387 31.341 31.377 31.416
168 168 168 33.460 33.465 33.451 33.458 33.465
176 176 176 32.593 32.620 32.606 32.591 32.608
184 184 184 32.401 32.466 32.422 32.395 32.447
192 192 192 33.741 33.777 33.780 33.743 33.769
200 200 200 33.338 33.431 33.404 33.414 33.417
