8 8 8 0.245 0.247 0.247 0.246 0.246
16 16 16 1.679 1.672 1.679 1.679 1.665
24 24 24 5.256 5.256 5.276 5.236 5.236
32 32 32 8.071 8.031 8.051 8.051 8.051
40 40 40 12.008 11.287 11.985 12.008 12.008
48 48 48 17.526 17.554 17.554 17.526 17.554
56 56 56 18.603 18.603 18.603 18.447 18.584
64 64 64 19.996 19.965 19.980 19.950 19.965
72 72 72 25.254 25.254 25.219 25.219 25.219
80 80 80 24.369 24.568 24.568 24.556 24.427
88 88 88 25.716 25.706 25.600 25.706 25.726
96 96 96 28.439 28.485 28.466 28.384 28.457
104 104 104 28.227 28.313 28.249 28.298 28.242
112 112 112 28.371 28.365 28.394 28.371 28.377
120 120 120 31.562 31.521 31.567 31.556 31.510
128 128 128 29.917 29.942 29.951 29.900 29.917
136 136 136 30.321 30.332 30.303 30.318 30.336
144 144 144 32.516 32.502 32.524 32.509 32.513
152 152 152 31.894 31.891 31.879 31.879 31.897
160 160 160 31.481 31.488 31.474 31.491 31.508
168 168 168 33.717 33.664 33.693 33.727 33.698
176 176 176 32.726 32.739 32.736 32.728 32.726
184 184 184 32.539 32.539 32.545 32.561 32.544
192 192 192 33.898 34.012 34.015 33.997 34.010
200 200 200 33.477 33.495 33.492 33.501 33.494
