8 8 8 12.800000 10.240000 12.800000 12.800000 12.800000
16 16 16 22.755556 24.094118 22.755556 15.753846 22.755556
24 24 24 28.800000 28.800000 28.800000 29.412766 28.800000
32 32 32 31.813592 31.507692 31.813592 31.813592 31.813592
40 40 40 33.333333 33.333333 33.333333 33.333333 33.160622
48 48 48 34.887066 34.887066 34.997468 34.887066 34.887066
56 56 56 34.913718 34.844444 34.913718 34.913718 34.913718
64 64 64 36.510306 36.510306 36.358391 36.561227 36.510306
72 72 72 36.308171 36.237670 36.343525 36.308171 36.308171
80 80 80 37.209302 37.020969 37.155298 37.182280 37.155298
88 88 88 36.796544 36.717241 36.816424 36.796544 36.816424
96 96 96 37.095849 36.971835 37.049246 37.080302 37.002760
104 104 104 36.965626 36.929219 36.880787 36.917099 36.917099
112 112 112 37.335318 37.504752 37.444776 37.464747 37.464747
120 120 120 37.313755 37.370242 37.313755 37.297647 37.362162
128 128 128 37.469216 37.496013 37.429092 37.496013 37.449143
136 136 136 37.073780 37.057395 37.117545 37.046480 37.057395
144 144 144 37.725635 37.711341 37.706579 37.730402 37.754255
152 152 152 37.515308 37.503289 37.499285 37.515308 37.507295
160 160 160 38.169788 38.152012 38.159121 38.173346 38.176904
168 168 168 37.842235 37.881537 37.905764 37.830158 37.815073
176 176 176 38.140311 38.129641 38.137643 38.132307 38.142979
184 184 184 37.991730 38.091623 38.086965 38.105603 38.100942
192 192 192 38.248517 38.269197 38.205160 38.227858 38.229923
200 200 200 38.371145 38.354588 38.415366 38.420901 38.406145
