8 8 8 25.600000 17.066667 17.066667 25.600000 17.066667
16 16 16 31.507692 31.507692 31.507692 29.257143 31.507692
24 24 24 34.560000 34.560000 35.446154 34.560000 35.446154
32 32 32 36.817978 36.817978 36.817978 37.236364 32.443564
40 40 40 36.781609 36.994220 36.994220 36.781609 36.781609
48 48 48 38.400000 38.533798 38.533798 38.533798 38.533798
56 56 56 37.524786 37.524786 37.524786 37.524786 37.524786
64 64 64 39.360961 39.420150 39.420150 39.360961 39.360961
72 72 72 38.360534 38.479175 38.400000 38.360534 38.360534
80 80 80 38.729198 38.729198 38.583271 38.699924 38.699924
88 88 88 38.092342 38.156327 38.134975 38.156327 38.156327
96 96 96 38.719300 38.719300 38.668531 38.736252 38.736252
104 104 104 37.346082 37.721797 37.709152 37.395745 37.470486
112 112 112 37.981292 37.960767 37.848276 37.756732 37.807535
120 120 120 37.828371 37.894737 38.003079 38.120450 37.836654
128 128 128 37.936903 37.936903 37.971248 37.978124 37.971248
136 136 136 37.911922 37.707330 37.894788 37.566547 37.934791
144 144 144 38.281846 38.272033 38.208369 38.272033 38.272033
152 152 152 38.213362 37.863159 37.936783 37.936783 37.977809
160 160 160 38.319768 38.344879 38.291110 38.355651 38.344879
168 168 168 38.177391 38.125207 38.155886 38.180465 38.125207
176 176 176 38.148317 38.012662 38.105655 38.089681 38.126974
184 184 184 38.121926 38.363739 38.370828 38.396844 38.356653
192 192 192 38.345910 38.155730 38.071583 38.022498 38.085923
200 200 200 38.259206 38.365624 38.474487 38.494851 38.396928
