8 8 8 2.438 2.438 2.560 2.560 2.560
16 16 16 10.503 10.503 10.779 10.503 10.503
24 24 24 14.865 14.865 15.026 15.026 15.026
32 32 32 5.789 5.800 5.789 5.789 5.800
40 40 40 18.391 21.405 21.405 21.405 21.333
48 48 48 23.631 23.580 23.580 23.580 23.631
56 56 56 23.959 23.991 23.959 23.991 23.991
64 64 64 25.255 25.182 25.230 25.206 25.206
72 72 72 25.185 24.916 25.202 25.202 25.202
80 80 80 26.109 25.832 26.096 26.043 26.043
88 88 88 26.000 26.110 26.120 25.951 26.110
96 96 96 26.665 26.553 26.665 26.521 26.681
104 104 104 26.549 26.542 26.536 26.536 26.536
112 112 112 26.961 26.914 26.966 26.832 26.853
120 120 120 26.758 26.720 26.729 26.733 26.758
128 128 128 26.904 26.931 26.935 26.931 26.928
136 136 136 26.565 26.565 26.574 26.571 26.574
144 144 144 26.366 26.521 26.355 26.570 26.364
152 152 152 26.231 26.198 26.186 26.251 26.239
160 160 160 26.568 26.642 26.587 26.606 26.596
168 168 168 26.439 26.469 26.445 26.524 26.457
176 176 176 26.741 26.727 26.744 26.732 26.740
184 184 184 26.639 26.638 26.634 26.630 26.626
192 192 192 26.982 26.945 26.927 26.913 26.401
200 200 200 26.798 26.787 26.785 26.766 26.774
