8 8 8 2.560 2.560 2.560 2.438 2.560
16 16 16 10.503 10.503 10.240 10.503 10.779
24 24 24 15.026 15.191 15.026 15.026 15.026
32 32 32 5.311 5.669 5.789 5.800 5.789
40 40 40 21.405 21.405 21.405 21.405 21.477
48 48 48 23.681 23.681 23.580 23.681 23.580
56 56 56 23.991 24.024 23.991 23.991 24.024
64 64 64 14.388 14.396 14.388 14.301 14.396
72 72 72 25.237 25.237 25.219 24.983 25.202
80 80 80 26.109 26.096 26.122 26.136 26.149
88 88 88 26.110 25.961 26.120 26.130 26.020
96 96 96 19.635 19.574 19.622 19.561 19.630
104 104 104 26.499 26.549 26.449 26.555 26.499
112 112 112 26.966 26.940 26.935 26.940 26.935
120 120 120 26.724 26.753 26.733 26.716 26.733
128 128 128 22.456 22.456 22.453 22.449 22.456
136 136 136 26.543 26.562 26.540 26.557 26.557
144 144 144 26.413 26.420 26.411 26.411 26.429
152 152 152 26.221 26.221 26.231 26.202 26.219
160 160 160 23.616 23.642 23.631 23.608 23.623
168 168 168 26.493 26.445 26.488 26.466 26.481
176 176 176 26.765 26.714 26.717 26.722 26.723
184 184 184 26.610 26.540 26.542 26.544 26.546
192 192 192 24.812 24.759 24.687 24.466 24.770
200 200 200 26.717 26.737 26.727 26.746 26.743
