8 8 8 2.226087 2.327273 2.226087 2.226087 2.226087
16 16 16 5.851429 6.023529 5.936232 6.113433 5.936232
24 24 24 10.633846 10.716279 10.716279 10.716279 10.716279
32 32 32 10.144892 11.299310 11.260481 11.299310 11.260481
40 40 40 11.657559 11.678832 11.657559 11.657559 11.657559
48 48 48 13.893467 13.893467 13.876035 13.893467 13.893467
56 56 56 13.204211 13.405802 13.416043 13.416043 13.416043
64 64 64 13.048482 13.041990 13.048482 13.048482 13.041990
72 72 72 14.597106 14.665933 14.671698 14.444582 14.665933
80 80 80 14.062071 14.012042 14.062071 14.012042 14.062071
88 88 88 13.767111 13.825766 13.778245 13.825766 13.792188
96 96 96 14.852040 14.827149 14.807297 14.854533 14.814735
104 104 104 14.580220 14.582110 14.582110 14.582110 14.602934
112 112 112 14.169723 14.179734 14.176872 14.164008 14.155446
120 120 120 15.327302 15.324583 15.331381 15.308292 15.323224
128 128 128 13.067182 13.076144 13.078591 13.077775 13.077775
136 136 136 14.629848 14.599280 14.604366 14.615397 14.606062
144 144 144 15.275920 15.270451 15.268109 15.282174 15.276701
152 152 152 14.533824 14.526610 14.545262 14.526009 14.539842
160 160 160 14.112945 14.116350 14.133398 14.096916 14.097401
168 168 168 15.260635 15.236607 15.265548 15.274400 15.252290
176 176 176 14.646650 14.662407 14.659252 14.646256 14.643109
184 184 184 14.511855 14.407475 14.370251 14.408475 14.397818
192 192 192 14.072187 14.150682 14.131752 14.305989 14.276844
200 200 200 14.585498 14.565847 14.665713 14.446692 14.624961
