8 8 8 2.133333 2.226087 2.226087 2.133333 2.226087
16 16 16 5.610959 5.688889 5.688889 5.610959 5.688889
24 24 24 9.945324 9.945324 9.874286 9.945324 9.945324
32 32 32 10.922667 10.886379 10.922667 10.922667 10.922667
40 40 40 11.327434 11.327434 11.307420 11.327434 11.307420
48 48 48 13.503297 13.503297 13.503297 13.503297 13.503297
56 56 56 13.125262 13.115459 13.125262 13.115459 12.941489
64 64 64 12.400378 12.400378 12.406247 12.313011 12.394515
72 72 72 14.333641 14.328138 14.262438 14.333641 14.333641
80 80 80 13.678867 13.730223 13.671562 13.737591 13.726542
88 88 88 13.138076 13.143144 13.181277 13.150753 13.181277
96 96 96 14.212627 14.228627 14.258437 14.230915 14.233205
104 104 104 13.487578 13.416794 13.642984 13.652919 13.652919
112 112 112 13.237803 13.264048 13.257790 13.255288 13.252787
120 120 120 14.513691 14.513691 14.516129 14.507598 14.510034
128 128 128 9.230423 9.233267 9.235300 9.207727 9.212177
136 136 136 12.636038 12.510350 12.625890 12.591130 12.529667
144 144 144 13.442507 13.346969 13.401481 13.439482 13.435249
152 152 152 12.636039 12.644228 12.589382 12.610176 12.674347
160 160 160 11.658555 11.836782 11.808118 11.919797 11.926739
168 168 168 13.761811 13.668191 13.787421 13.755822 13.702951
176 176 176 12.837979 12.767027 12.926865 12.945589 13.028500
184 184 184 13.289042 13.103159 13.083620 13.117231 13.110329
192 192 192 11.681032 11.808682 11.937341 11.872663 11.976324
200 200 200 12.939540 13.091361 13.056961 13.151838 13.185002
