8 8 8 4.654545 4.654545 5.120000 4.654545 5.120000
16 16 16 9.525581 9.525581 9.525581 9.525581 9.525581
24 24 24 11.520000 11.520000 11.616807 11.616807 11.616807
32 32 32 12.900787 12.900787 12.900787 12.900787 12.900787
40 40 40 13.675214 13.675214 13.704497 13.675214 13.704497
48 48 48 13.998987 13.998987 13.981290 13.998987 13.998987
56 56 56 14.289341 14.289341 14.038050 14.289341 14.277724
64 64 64 13.811591 13.811591 13.710460 13.811591 13.811591
72 72 72 14.545908 14.472586 14.551579 14.545908 14.545908
80 80 80 14.603537 14.721104 14.670487 14.725338 14.721104
88 88 88 14.496320 14.696399 14.639570 14.693230 14.645863
96 96 96 14.772683 14.804819 14.775150 14.672239 14.804819
104 104 104 14.962277 14.972235 14.978216 14.976222 14.998187
112 112 112 14.865390 14.862245 14.868536 14.865390 14.866963
120 120 120 15.236752 15.238095 15.236752 15.230037 15.240783
128 128 128 15.045211 15.019351 15.040895 15.039816 15.050610
136 136 136 15.387875 15.196375 15.284093 15.370950 15.271102
144 144 144 15.341060 15.217531 15.341060 15.335545 15.155741
152 152 152 15.536911 15.490993 15.371654 15.387145 15.521803
160 160 160 15.284723 15.446695 15.533391 15.552855 15.422848
168 168 168 15.586194 15.552453 15.604660 15.623684 15.711694
176 176 176 15.570719 15.538323 15.580064 15.589420 15.591649
184 184 184 15.572981 15.678019 15.664615 15.655167 15.690655
192 192 192 15.268877 15.516920 15.524408 15.544524 15.512839
200 200 200 15.659255 15.750202 15.662934 15.712462 15.729453
