8 8 8 3.938462 4.266667 4.266667 4.266667 3.938462
16 16 16 9.309091 9.525581 9.309091 9.309091 5.851429
24 24 24 11.520000 11.520000 11.520000 11.520000 11.424793
32 32 32 12.800000 12.800000 12.800000 12.800000 12.800000
40 40 40 13.114754 13.114754 13.114754 13.114754 13.114754
48 48 48 13.087811 13.087811 13.087811 13.087811 12.889510
56 56 56 13.687919 13.677259 13.677259 13.677259 13.677259
64 64 64 13.653333 13.653333 13.660448 13.653333 13.653333
72 72 72 14.306171 14.377812 14.372276 14.000300 14.377812
80 80 80 14.242003 14.128035 14.245965 14.245965 14.198558
88 88 88 14.573824 14.530320 14.589424 14.477842 14.570708
96 96 96 14.061284 14.076945 14.099378 14.097132 14.072467
104 104 104 14.704105 14.713721 14.740716 14.721424 14.717572
112 112 112 14.355042 14.359444 14.399180 14.403609 14.380020
120 120 120 15.045712 15.032623 15.043092 15.036547 15.052265
128 128 128 14.504129 14.487096 14.508143 14.515172 14.484094
136 136 136 15.286879 15.276667 15.275739 15.269249 15.286879
144 144 144 14.736140 14.749970 14.756531 14.746328 14.748513
152 152 152 15.449421 15.450101 15.458262 15.478702 15.450101
160 160 160 14.826613 14.831981 14.806782 14.829833 14.823930
168 168 168 15.593883 15.588756 15.602093 15.563173 15.615452
176 176 176 15.010396 15.021563 15.007917 14.994708 15.021150
184 184 184 15.696981 15.725114 15.714404 15.732660 15.721146
192 192 192 14.744371 14.793679 14.791515 14.777927 14.770525
200 200 200 15.824663 15.824976 15.823724 15.823411 15.819656
