8 8 8 0.119626 0.122196 0.122488 0.122488 0.121905
16 16 16 0.837628 0.832520 0.835918 0.839344 0.835918
24 24 24 2.579104 2.579104 2.574302 2.579104 2.574302
32 32 32 3.981531 4.121761 4.111418 4.101126 4.126952
40 40 40 5.781391 5.791855 5.786618 5.791855 5.786618
48 48 48 8.253134 8.371840 8.346566 8.365507 8.352870
56 56 56 8.909995 8.842699 8.919045 8.923577 8.919045
64 64 64 9.395842 9.443228 9.436429 9.389112 9.436429
72 72 72 11.792986 11.741051 11.792986 11.789261 11.741051
80 80 80 11.612611 11.554954 11.609977 11.575853 11.615245
88 88 88 11.777947 11.802425 11.777947 11.743443 11.810607
96 96 96 13.109142 13.099437 13.136392 13.126647 13.107200
104 104 104 13.050980 13.055525 13.057040 12.984694 13.040390
112 112 112 13.006184 12.980948 13.013412 13.006184 12.998964
120 120 120 14.175554 14.151175 14.156972 14.175554 14.177880
128 128 128 13.456221 13.458811 13.470915 13.466590 13.463996
136 136 136 13.602206 13.632430 13.611038 13.605885 13.596325
144 144 144 14.692634 14.674582 14.660173 14.663052 14.678189
152 152 152 14.297728 14.302387 14.259991 14.298893 14.300639
160 160 160 14.155377 14.138764 14.113431 14.146577 14.158803
168 168 168 15.005639 15.000892 14.988563 15.011815 14.969163
176 176 176 14.659252 14.553982 14.623470 14.616805 14.609363
184 184 184 14.552536 14.527761 14.531150 14.540308 14.544042
192 192 192 15.037899 15.022579 15.005381 15.009836 15.015886
200 200 200 14.946566 14.957744 14.934010 14.934568 14.961661
