8 8 8 0.116364 0.117431 0.117431 0.117701 0.118794
16 16 16 0.814314 0.811089 0.817565 0.809486 0.812698
24 24 24 2.536514 2.555268 2.531868 2.541176 2.508893
32 32 32 4.075622 3.962273 4.060471 4.060471 4.050433
40 40 40 5.770965 5.781391 5.770965 5.776173 5.781391
48 48 48 8.265471 8.371840 8.371840 8.359184 8.359184
56 56 56 8.905477 8.842699 8.923577 8.928114 8.919045
64 64 64 9.525581 9.556836 9.574288 9.529044 9.570792
72 72 72 11.752141 11.696898 11.733669 11.744745 11.685911
80 80 80 11.596829 11.562782 11.602085 11.570621 11.602085
88 88 88 11.886831 11.922183 11.890979 11.893054 11.920098
96 96 96 13.142246 13.146152 13.173556 13.146152 13.148105
104 104 104 13.093516 13.095041 13.098090 13.093516 13.095041
112 112 112 13.018236 13.021856 13.015824 13.018236 13.021856
120 120 120 14.304636 14.323607 14.317673 14.305820 14.339059
128 128 128 13.708668 13.722123 13.702398 13.697923 13.717635
136 136 136 13.824225 13.805258 13.821187 13.799956 13.810563
144 144 144 14.678189 14.733958 14.725965 14.706383 14.711455
152 152 152 14.451885 14.484072 14.494832 14.486462 14.470345
160 160 160 14.014918 14.090127 14.200527 14.207916 14.208901
168 168 168 15.194616 15.183912 15.161094 15.183426 15.195590
176 176 176 14.797720 14.798925 14.795310 14.800934 14.805757
184 184 184 14.631492 14.704364 14.690148 14.704712 14.695346
192 192 192 15.262292 15.274479 15.263609 15.280744 15.272172
200 200 200 15.113160 15.146638 15.144345 15.079545 15.100893
