8 8 8 4.655 4.452 4.655 4.655 4.452
16 16 16 10.779 10.779 10.779 10.779 10.779
24 24 24 12.920 12.920 12.920 12.920 11.239
32 32 32 13.457 13.457 13.457 13.457 13.430
40 40 40 13.778 13.793 13.793 13.793 13.793
48 48 48 13.867 14.026 14.026 14.026 14.035
56 56 56 13.406 13.478 13.473 13.473 12.712
64 64 64 13.874 13.812 13.914 13.914 13.412
72 72 72 13.345 13.318 13.302 13.349 13.302
80 80 80 14.204 14.242 14.244 14.029 14.201
88 88 88 13.791 13.798 13.802 13.803 13.803
96 96 96 12.865 12.846 12.889 12.878 12.890
104 104 104 14.131 14.130 14.127 14.125 14.129
112 112 112 14.891 14.887 14.894 14.891 14.885
120 120 120 14.478 14.480 14.480 14.483 14.481
128 128 128 14.053 14.115 14.125 14.131 14.112
