8 8 8 4.655 4.655 4.876 4.876 4.655
16 16 16 10.923 10.923 10.923 10.779 10.923
24 24 24 12.980 12.980 12.920 12.980 12.980
32 32 32 13.457 13.430 13.457 13.430 13.457
40 40 40 13.646 13.431 13.646 13.661 13.646
48 48 48 13.772 13.772 13.764 13.713 13.764
56 56 56 12.675 12.671 12.630 12.675 12.680
64 64 64 13.327 13.330 13.320 13.330 13.330
72 72 72 13.302 13.288 13.302 13.304 13.288
80 80 80 14.093 14.083 14.079 14.054 14.091
88 88 88 13.695 13.702 13.701 13.691 13.699
96 96 96 12.776 12.777 12.779 12.782 12.782
104 104 104 14.034 14.031 14.027 14.036 14.037
112 112 112 14.775 14.751 14.703 14.777 14.771
120 120 120 14.378 14.375 14.380 14.383 14.375
128 128 128 14.021 14.023 14.019 14.025 14.018
