8 8 8 8.533333 10.240000 10.240000 10.240000 10.240000
16 16 16 14.124138 14.628571 14.124138 14.628571 14.628571
24 24 24 15.191209 15.191209 15.191209 15.360000 15.360000
32 32 32 16.062745 16.062745 16.062745 16.062745 16.062745
40 40 40 16.040100 16.040100 16.080402 16.080402 16.080402
48 48 48 16.506269 16.481669 16.481669 16.506269 16.481669
56 56 56 16.290909 16.275811 16.082051 16.275811 16.275811
64 64 64 16.332960 16.332960 16.332960 15.820398 16.343142
72 72 72 16.088276 16.095213 15.978082 16.095213 16.095213
80 80 80 16.253968 16.070308 16.259130 16.141236 16.253968
88 88 88 16.133333 15.907376 16.125698 15.562274 16.125698
96 96 96 16.059829 16.109541 16.109541 16.074419 16.106608
104 104 104 15.966842 15.978182 15.978182 16.005464 15.982722
112 112 112 16.264506 16.270156 16.260741 16.273926 16.268272
120 120 120 16.114893 16.176746 16.071429 16.011861 16.123915
128 128 128 16.427636 16.233083 16.430210 16.376324 16.253212
136 136 136 16.232938 16.230843 15.878399 16.153712 16.249716
144 144 144 16.102157 16.398396 16.519053 16.529112 16.550183
152 152 152 16.359100 16.308201 16.315778 16.295337 16.381230
160 160 160 16.523458 16.543479 16.617307 16.469642 16.506811
168 168 168 16.486325 16.468003 16.338624 16.485752 16.472007
176 176 176 16.468632 16.491049 16.422496 16.437350 16.610633
184 184 184 16.548904 16.519940 16.447970 16.555061 16.412435
192 192 192 16.706134 16.582452 16.546013 16.661695 16.680150
200 200 200 16.660766 16.498587 16.547388 16.591659 16.592003
