8 8 8 6.400000 6.400000 6.400000 6.400000 6.400000
16 16 16 11.702857 11.377778 11.377778 11.702857 11.702857
24 24 24 13.552941 13.552941 13.552941 13.552941 13.552941
32 32 32 14.628571 14.628571 14.628571 14.694170 14.628571
40 40 40 14.849188 14.159292 14.849188 14.849188 14.849188
48 48 48 15.510799 15.532584 15.532584 15.532584 15.532584
56 56 56 15.297561 15.297561 15.139310 15.310898 15.297561
64 64 64 15.716067 15.716067 15.716067 15.594527 15.716067
72 72 72 15.564971 15.584468 15.506772 15.584468 15.584468
80 80 80 15.950156 15.895685 15.945188 15.900621 15.940224
88 88 88 15.840818 15.796755 15.840818 15.796755 15.837137
96 96 96 16.010423 16.007527 16.042357 16.013321 16.039449
104 104 104 15.996359 16.005464 16.010020 16.028270 16.030554
112 112 112 16.258859 16.253216 16.253216 16.266389 16.264506
120 120 120 16.190387 16.188870 16.191904 16.176746 16.196457
128 128 128 16.399374 16.380161 16.389122 16.396810 16.395528
136 136 136 16.197399 16.207835 16.199485 16.199485 16.213058
144 144 144 16.479850 16.482579 16.484399 16.486219 16.483489
152 152 152 16.324879 16.330193 16.334750 16.324879 16.324879
160 160 160 16.512134 16.532128 16.534797 16.520126 16.521459
168 168 168 16.430341 16.428064 16.424080 16.423511 16.433188
176 176 176 16.536067 16.539579 16.535566 16.541586 16.531554
184 184 184 16.539677 16.522130 16.522130 16.524322 16.520378
192 192 192 16.649545 16.606574 16.614371 16.621784 16.620223
200 200 200 16.528584 16.601644 16.604400 16.603711 16.594068
