8 8 8 1.828571 1.828571 1.896296 1.896296 1.828571
16 16 16 5.936232 5.936232 5.936232 5.936232 5.936232
24 24 24 7.899429 7.944828 7.353191 0.034641 7.854545
32 32 32 11.070270 11.107797 11.070270 11.070270 11.070270
40 40 40 11.678832 11.700183 11.678832 11.678832 11.678832
48 48 48 12.770439 12.755709 12.496271 12.770439 12.755709
56 56 56 12.762791 12.762791 12.772073 12.762791 12.762791
64 64 64 13.739203 13.855391 13.848072 13.848072 13.724817
72 72 72 13.793348 13.783161 13.793348 13.722353 13.793348
80 80 80 14.281729 14.238042 14.285714 14.242003 14.289701
88 88 88 14.094560 14.253754 14.215102 14.250774 14.218068
96 96 96 14.640675 14.614073 14.616488 14.638253 14.604424
104 104 104 14.533127 14.535005 14.529372 14.553810 14.553810
112 112 112 14.971526 15.009915 15.014727 15.009915 15.000299
120 120 120 14.870912 14.860681 14.867074 14.867074 14.864516
128 128 128 15.327818 15.325577 15.333421 15.317742 15.340151
136 136 136 15.109659 15.096057 15.136025 15.115106 15.126923
144 144 144 15.366324 15.383740 15.373444 15.363161 15.380571
152 152 152 15.240238 15.250165 15.250165 15.234949 15.246193
160 160 160 15.603810 15.598461 15.596680 15.593711 15.585997
168 168 168 15.522923 15.509721 15.454620 15.506171 15.379430
176 176 176 15.534338 15.788063 15.794924 15.811874 15.802707
184 184 184 15.663039 15.667767 15.680387 15.677230 15.674468
192 192 192 15.960961 15.951249 15.944421 15.955204 15.958442
200 200 200 15.866720 15.858856 15.858542 15.862001 15.864202
