8 8 8 1.383784 1.383784 1.383784 1.383784 1.383784
16 16 16 4.934940 5.056790 4.934940 5.056790 4.934940
24 24 24 7.125773 7.200000 7.353191 7.353191 7.353191
32 32 32 10.208100 10.176398 10.176398 10.208100 10.208100
40 40 40 10.884354 10.884354 10.884354 10.884354 10.884354
48 48 48 11.968831 12.260754 12.260754 12.247176 12.260754
56 56 56 12.393507 12.393507 12.393507 12.221016 12.384767
64 64 64 13.463996 13.463996 13.457084 13.457084 13.463996
72 72 72 13.538194 13.460079 13.538194 13.538194 13.464935
80 80 80 14.008208 14.008208 13.966176 14.008208 13.958561
88 88 88 14.074184 14.024943 14.074184 14.039390 14.074184
96 96 96 14.414076 14.320751 14.470658 14.432887 14.442311
104 104 104 14.377096 14.401024 14.375259 14.378934 14.386290
112 112 112 14.865390 14.876408 14.873259 14.860673 14.870110
120 120 120 14.730202 14.720164 14.740254 14.732714 14.725181
128 128 128 15.174761 15.163789 15.171468 15.161596 15.181352
136 136 136 15.118740 15.121467 15.118740 15.133293 15.120558
144 144 144 15.352892 15.352892 15.361580 15.367905 15.359210
152 152 152 15.253477 15.241561 15.242222 15.229663 15.256128
160 160 160 15.593711 15.587183 15.564675 15.610946 15.585404
168 168 168 15.529023 15.525972 15.521907 15.514289 15.521907
176 176 176 15.548516 15.799502 15.801791 15.806373 15.803165
184 184 184 15.661858 15.662646 15.641409 15.667767 15.663433
192 192 192 15.911445 15.927557 15.936882 15.925049 15.932577
200 200 200 15.857284 15.849744 15.856970 15.857284 15.843780
