2048 256 5000 188.400339 187.069335 187.142786 186.950599 189.896122
2304 256 5000 736.727454 736.764265 735.661545 696.220402 698.413300
2560 256 5000 358.167191 358.786817 354.693453 356.022990 358.916503
2816 256 5000 385.848400 360.494864 364.541804 363.890403 348.198381
3072 256 5000 367.749357 365.799340 366.686250 367.217034 367.361124
3328 256 5000 360.538967 362.734062 360.945272 361.656210 363.467577
3584 256 5000 369.196102 367.469021 369.017914 367.813733 367.139645
3840 256 5000 359.592649 361.103764 367.629020 366.324827 367.582282
4096 256 5000 274.017164 258.109745 258.094497 257.739236 260.351480
4352 256 5000 268.587574 267.057865 264.098954 267.783199 267.730432
4608 256 5000 265.705636 268.949008 262.472966 259.365903 259.485713
4864 256 5000 254.970473 256.808863 255.466378 264.037286 263.275809
5120 256 5000 284.170634 262.619867 258.731844 260.151241 260.660321
5376 256 5000 261.340564 261.381265 263.611185 260.615058 290.361619
5632 256 5000 364.081534 361.253596 365.987217 359.436187 357.621006
5888 256 5000 369.818394 364.352913 370.850186 364.078336 366.758965
6144 256 5000 357.600753 361.317118 362.347607 457.805487 455.440568
6400 256 5000 452.389236 449.810840 449.862713 453.149979 450.320204
6656 256 5000 455.939206 449.981514 451.610646 436.432187 419.413882
6912 256 5000 417.949311 415.501663 416.224913 416.579638 415.972467
7168 256 5000 475.247853 432.313847 433.471918 432.691020 434.064577
7424 256 5000 431.551460 442.388213 440.275024 438.572233 439.478881
7680 256 5000 440.920019 443.160149 442.139635 442.444100 442.545682
7936 256 5000 434.332430 433.328214 437.149214 438.067310 437.437236
8192 256 5000 389.712485 385.668941 394.216324 326.517801 325.908889
8448 256 5000 319.031350 317.006488 318.069482 318.521071 321.433476
8704 256 5000 318.955626 316.729542 278.212229 413.903378 412.751785
8960 256 5000 405.649266 406.687825 406.524929 405.953666 453.563237
9216 256 5000 460.178041 432.780823 433.518798 434.918926 431.282424
9472 256 5000 451.435571 451.171826 450.595012 447.681679 474.027736
9728 256 5000 477.603513 482.889619 482.530333 486.845007 486.538740
9984 256 5000 484.070894 484.252488 472.321930 443.793430 464.674334
10240 256 5000 407.535578 371.293005 371.843900 374.958520 376.006196
10496 256 5000 387.240408 384.561307 383.483379 385.082678 393.703039
10752 256 5000 392.013080 409.102016 433.827182 431.652835 482.108552
11008 256 5000 483.138115 479.984739 481.836213 482.729275 481.557911
11264 256 5000 438.535894 416.359935 419.393798 418.042802 420.155206
11520 256 5000 458.327894 471.666006 466.587139 396.409475 395.456923
11776 256 5000 399.758129 398.415144 400.203908 399.749647 293.702457
12032 256 5000 299.616165 299.682045 327.602630 329.002309 326.525351
