2048 32 5000 120.964229 123.076923 123.095417 122.708209 121.882090
2304 32 5000 429.000349 433.286319 431.057063 433.388197 424.065340
2560 32 5000 137.458890 137.662163 138.065864 136.948745 138.177647
2816 32 5000 271.618037 270.899471 270.265731 271.749095 274.497380
3072 32 5000 152.769317 153.700866 153.652818 153.989787 153.441763
3328 32 5000 69.475360 69.442742 69.223369 69.358620 68.231676
3584 32 5000 67.588369 67.777699 66.829047 71.695235 71.810156
3840 32 5000 68.385962 64.725465 64.888157 64.948519 65.210469
4096 32 5000 41.938477 42.017798 41.728057 41.881926 41.927745
4352 32 5000 64.163357 63.881397 64.167496 63.858549 64.288946
4608 32 5000 65.317694 65.309593 59.260688 65.258723 65.295712
4864 32 5000 64.975704 64.935043 64.947507 64.881449 64.782612
5120 32 5000 62.140164 62.391945 62.254917 61.957812 62.265327
5376 32 5000 64.600341 64.601796 64.662016 64.675143 64.732089
5632 32 5000 64.149439 64.168625 64.103804 63.995455 64.122507
5888 32 5000 64.223824 61.233669 64.261499 63.272708 64.325561
6144 32 5000 57.497470 57.726050 57.889220 57.781696 57.762683
6400 32 5000 64.466983 64.563722 63.773207 64.671778 64.644424
6656 32 5000 64.202949 64.037715 64.078558 64.173160 64.103243
6912 32 5000 62.595584 63.923056 64.084927 64.115021 64.233814
7168 32 5000 62.283384 62.414559 62.451604 62.424750 62.468953
7424 32 5000 63.821191 63.454008 63.676813 63.571509 63.623606
7680 32 5000 62.557591 62.178997 62.251132 62.323751 62.329125
7936 32 5000 63.054500 63.218374 63.143238 63.226243 63.162398
8192 32 5000 39.910479 40.747730 42.248854 37.605366 37.644356
8448 32 5000 41.105239 41.143525 41.471227 67.457517 62.203692
8704 32 5000 61.643332 61.731865 62.104334 61.966441 61.999822
8960 32 5000 62.895400 62.994064 63.073606 63.010676 62.977736
9216 32 5000 61.756502 62.869227 38.570050 39.264745 39.732915
9472 32 5000 40.708378 41.017313 41.038306 40.991242 40.998117
9728 32 5000 41.024127 41.002945 41.052801 41.008671 40.989664
9984 32 5000 41.145895 41.374487 42.176522 42.144254 45.788057
10240 32 5000 42.004010 42.701918 42.667000 42.694574 42.693906
10496 32 5000 41.414346 43.597432 43.648310 44.142688 44.212533
10752 32 5000 67.279106 65.455708 60.038739 60.008581 59.999791
11008 32 5000 57.908079 50.352785 51.444210 51.385226 51.336699
11264 32 5000 50.400606 50.358498 50.121115 50.357513 49.358858
11520 32 5000 50.054176 50.056215 50.136412 50.173670 50.165203
11776 32 5000 50.660357 50.431468 50.499999 50.382382 50.530200
12032 32 5000 79.505732 77.701315 77.704765 77.729550 77.775713
