128 2048 4096 710.569667 717.597958 716.162092 719.810836 715.255678
320 3072 4096 807.729557 815.153421 815.814053 744.551006 809.922929
1632 36548 1024 948.131117 977.893326 934.174876 940.081515 939.475642
2048 4096 32 288.454176 287.219619 286.728750 289.044316 288.113616
31999 1024 88 916.034655 915.947361 914.523910 915.801908 914.814051
84 1024 4096 604.325105 608.394985 610.820971 611.669333 611.775544
256 256 2048 518.415326 521.233895 525.108482 523.470078 522.654704
1024 16 500000 54.460590 58.066428 54.125733 53.269833 53.282548
35 8457 2560 343.852248 358.747846 362.558469 318.715962 354.335843
64 18496 128 677.635206 677.938398 678.849606 678.545598 678.849606
128 4624 256 616.433002 622.511224 623.279441 622.511224 616.683891
256 1156 512 347.600899 346.092353 345.146314 345.855357 346.964122
512 289 1024 233.501667 232.748436 230.833687 234.949964 231.468427
28269 289 1024 540.850069 540.416838 540.720726 571.564272 571.665821
256 3136 64 516.384161 517.424209 515.865703 515.865703 518.468456
64 3136 64 314.829804 319.528756 315.603342 314.060049 321.126400
64 3136 256 512.776687 500.294294 511.755219 513.802240 510.737813
512 784 128 309.892786 311.018305 309.519422 310.454526 310.454526
128 784 512 452.689198 453.088395 452.290704 451.892911 452.689198
