2048 256 5000 406.324013 407.416502 407.106473 407.195005 408.839813
2304 256 5000 399.734335 399.268917 404.798638 405.605908 410.998537
2560 256 5000 290.560851 287.345335 290.038769 288.587885 290.462979
2816 256 5000 292.956648 291.993130 292.675956 355.674844 416.471784
3072 256 5000 419.699007 378.328763 378.561870 377.700081 376.856653
3328 256 5000 386.302960 386.650087 386.678165 386.099882 387.582342
3584 256 5000 385.865808 385.221013 386.083385 385.768464 385.693868
3840 256 5000 375.501348 375.489874 374.756971 374.231961 376.866044
4096 256 5000 279.130486 251.349784 251.510151 251.354604 251.241380
4352 256 5000 262.049046 274.383438 274.288866 273.077376 274.777290
4608 256 5000 271.820821 271.703120 270.999044 271.691856 273.283016
4864 256 5000 270.814629 273.646365 273.654784 272.853649 273.486492
5120 256 5000 297.568994 297.483897 297.916638 297.117054 297.483897
5376 256 5000 309.095973 309.582681 308.603872 329.831760 329.635839
5632 256 5000 327.187731 328.435401 328.516223 328.940440 393.521516
5888 256 5000 397.533560 397.544045 396.321090 395.919268 398.321442
6144 256 5000 381.047256 380.043686 380.650720 381.779786 381.800175
6400 256 5000 394.945546 396.254160 396.248410 397.272630 401.645413
6656 256 5000 388.572263 387.242340 385.816631 385.720559 387.388485
6912 256 5000 387.630673 388.360629 388.457823 391.666740 419.630331
7168 256 5000 395.820499 394.386200 390.473759 388.993751 387.837798
7424 256 5000 404.496716 403.502246 404.235172 402.748075 402.270697
7680 256 5000 403.396104 401.632613 399.856822 400.578635 401.491544
7936 256 5000 400.462038 375.674196 378.100283 377.399316 375.543643
8192 256 5000 377.093373 379.163262 379.495346 378.874191 378.803019
8448 256 5000 372.720442 373.148739 371.906437 372.893957 372.098401
8704 256 5000 372.461980 371.922351 372.034128 373.449536 372.523004
8960 256 5000 370.411759 369.756135 370.393815 370.919699 370.440473
9216 256 5000 360.926328 361.421730 361.788628 362.358738 361.332059
9472 256 5000 371.053099 371.118974 370.709335 371.236018 371.290588
9728 256 5000 370.728396 374.330438 266.903880 268.089953 268.002824
9984 256 5000 281.526291 281.922528 281.866565 281.827404 281.885839
10240 256 5000 339.446928 339.670364 340.236425 339.373100 340.016654
10496 256 5000 355.730664 354.790306 355.457720 354.949657 355.143883
10752 256 5000 353.654218 353.680575 353.039137 354.251384 354.011730
11008 256 5000 354.351992 353.916754 354.082179 354.221932 353.755925
11264 256 5000 343.184940 343.150634 343.165336 343.003690 343.505452
11520 256 5000 352.306204 332.936701 400.510634 397.942496 392.507393
11776 256 5000 314.342974 318.259518 326.545609 347.664672 347.226593
12032 256 5000 346.592131 350.585145 347.623218 346.995857 348.040361
