2048 32 5000 131.831349 134.487995 133.654199 134.119188 133.008605
2304 32 5000 797.749405 798.440546 798.440546 799.306158 808.066637
2560 32 5000 275.435411 273.012064 274.622863 273.979933 273.815095
2816 32 5000 422.981600 426.828344 429.554772 431.199158 430.745698
3072 32 5000 196.121618 196.545106 197.508639 197.334190 197.049391
3328 32 5000 443.807301 338.061075 441.342727 444.474124 441.635564
3584 32 5000 260.713799 260.358683 260.571636 260.867983 259.522085
3840 32 5000 819.637140 819.418512 822.600080 821.610056 818.872451
4096 32 5000 149.080983 149.301743 155.652670 148.399076 148.422602
4352 32 5000 358.115614 348.421316 366.522792 372.902051 384.473524
4608 32 5000 382.347145 363.981043 353.458939 354.734411 353.306498
4864 32 5000 401.921190 397.223356 395.789045 399.753442 394.965489
5120 32 5000 126.445120 129.146172 128.090063 127.567467 126.425606
5376 32 5000 461.236527 463.373377 458.434152 458.483023 458.947818
5632 32 5000 274.698208 274.330248 269.602681 266.359256 271.454392
5888 32 5000 423.654270 424.054735 423.692377 425.702666 423.140496
6144 32 5000 127.581374 127.901742 128.463338 129.099362 125.702010
6400 32 5000 534.223706 540.340879 539.572136 536.041459 537.956396
6656 32 5000 309.680421 309.554399 308.925826 313.214317 308.809372
6912 32 5000 575.221055 574.593443 572.689141 571.800838 573.253162
7168 32 5000 163.538622 161.480084 162.851260 159.581455 163.816598
7424 32 5000 562.637363 558.562964 560.090532 562.690668 557.566654
7680 32 5000 342.341338 356.877323 355.782037 358.983348 361.720291
7936 32 5000 650.458481 650.192022 652.262804 651.292573 648.597844
8192 32 5000 137.852989 137.223740 137.812405 137.144770 137.397794
8448 32 5000 686.654813 688.964779 686.306169 687.353166 688.964779
8704 32 5000 422.588378 422.729480 422.063280 420.978810 422.447370
8960 32 5000 766.139376 775.925525 768.892464 759.442708 765.811966
9216 32 5000 191.449085 192.197703 192.353148 191.357160 192.594334
9472 32 5000 522.791404 522.412961 526.587908 521.227129 525.802311
9728 32 5000 327.852554 327.080925 328.011464 326.278719 327.686899
9984 32 5000 569.477024 565.085429 568.848373 570.005352 571.228321
10240 32 5000 146.889008 145.840380 146.931162 146.823192 146.209998
10496 32 5000 543.534971 548.756658 548.649090 543.499790 546.310995
10752 32 5000 357.476519 357.179636 357.513664 357.357707 357.201885
11008 32 5000 616.845866 622.140586 623.263385 627.594071 622.624434
11264 32 5000 177.625341 177.977919 177.733947 176.908730 177.427739
11520 32 5000 647.964564 647.805152 641.782730 647.532057 650.824477
11776 32 5000 387.153513 386.708536 387.424177 387.256957 386.629184
12032 32 5000 669.257779 666.523561 666.385129 661.735185 663.948957
