2048 32 5000 596.541052 595.132583 611.685645 595.240690 596.649672
2304 32 5000 649.357055 643.238527 534.106056 639.223166 536.984705
2560 32 5000 621.736491 611.799851 610.523178 625.057226 610.978520
2816 32 5000 612.173913 595.506212 583.626943 603.159304 612.840044
3072 32 5000 622.729000 604.650018 619.120796 617.487437 613.786214
3328 32 5000 603.376771 591.381608 600.518777 607.923279 609.523810
3584 32 5000 597.208915 569.397279 609.653413 610.237310 605.277602
3840 32 5000 632.228854 537.673930 628.863869 625.534514 634.186623
4096 32 5000 624.152381 632.037805 618.030932 619.374350 609.240495
4352 32 5000 626.694267 621.270521 619.171261 627.541456 627.258806
4608 32 5000 637.840644 635.421874 636.628961 636.354221 633.293249
4864 32 5000 636.388912 627.866075 637.274812 631.842169 629.949814
5120 32 5000 630.202323 620.982414 621.264978 628.654746 532.778356
5376 32 5000 639.714413 635.648832 643.158367 639.857175 635.742794
5632 32 5000 540.369393 620.178940 633.966512 621.719332 632.098765
5888 32 5000 539.688359 622.656973 623.068783 627.050053 623.770112
6144 32 5000 623.875103 623.281765 631.327468 637.344398 639.583604
6400 32 5000 618.918102 615.569582 617.686090 613.320556 623.743680
6656 32 5000 617.046179 615.228192 614.731009 609.837943 600.518777
6912 32 5000 608.785644 620.327575 630.369357 617.797888 622.142214
7168 32 5000 614.389029 611.343284 621.918551 610.659709 613.370414
7424 32 5000 608.493417 599.737453 599.495306 601.103183 602.719708
7680 32 5000 608.648274 609.191413 611.100060 610.038227 604.962584
7936 32 5000 603.154095 599.197773 607.831498 605.137492 605.859338
8192 32 5000 581.818182 594.376927 595.565249 599.762057 595.132583
8448 32 5000 596.005115 598.141428 599.361476 596.110254 606.896552
8704 32 5000 593.926987 585.930663 586.103278 589.128136 589.252771
8960 32 5000 580.592905 580.898740 580.828134 582.172589 584.141472
9216 32 5000 592.002569 587.263531 583.452697 577.556696 584.586108
9472 32 5000 579.460121 571.463047 572.693950 573.604330 571.140004
9728 32 5000 565.519747 571.101490 562.657702 564.248686 565.334883
9984 32 5000 573.381192 569.172664 569.192945 570.310603 159.426741
10240 32 5000 556.181682 562.869314 566.039040 564.517796 561.441985
10496 32 5000 559.264686 556.927771 557.908375 554.061366 553.477029
10752 32 5000 558.001946 554.852443 558.581726 558.164888 554.459020
11008 32 5000 548.719546 547.202287 475.918720 551.848603 550.434402
11264 32 5000 544.779638 542.255386 540.353192 538.882909 542.157512
11520 32 5000 533.225331 533.997740 534.601775 539.578454 533.781240
11776 32 5000 525.406430 530.480320 530.435517 528.753438 533.091897
12032 32 5000 527.415687 528.762909 527.300118 525.128205 527.892947
