2048 256 5000 952.835126 953.250909 957.848582 959.110200 957.184065
2304 256 5000 988.675450 987.549811 987.913708 994.879061 991.001042
2560 256 5000 962.208193 960.825710 967.778139 964.303581 964.417106
2816 256 5000 988.910533 866.982562 987.853541 988.639293 987.609941
3072 256 5000 1011.332013 1010.812061 1016.245833 1013.730697 1010.890020
3328 256 5000 988.430749 992.391380 984.865790 984.615385 986.393739
3584 256 5000 1008.645178 1011.045973 857.768969 1011.536426 1014.534035
3840 256 5000 1029.857313 1030.094727 1031.954650 1030.526669 1031.759693
4096 256 5000 989.838956 980.747503 989.092007 986.430856 981.481897
4352 256 5000 974.572683 968.338345 975.460101 971.377753 972.598865
4608 256 5000 1012.156365 1015.589648 1010.751435 1016.307120 1014.541514
4864 256 5000 1004.942456 1001.918249 1001.757039 945.139890 1002.531319
5120 256 5000 982.858171 991.257525 988.745059 990.538376 994.189839
5376 256 5000 1024.030477 1030.039218 1027.624210 1024.976168 1024.091437
5632 256 5000 1005.461798 1006.528720 1008.076966 1006.079214 1009.262474
5888 256 5000 999.594148 1004.657611 1002.279407 994.870306 1000.802061
6144 256 5000 1025.107864 1029.226541 1030.156796 1031.345652 1029.927447
6400 256 5000 1006.598430 1019.184354 1014.891350 1018.019138 1021.077167
6656 256 5000 997.153558 1001.961661 1004.892548 1010.206792 1007.352054
6912 256 5000 1020.150820 1029.493012 1030.404249 1040.976103 1030.116316
7168 256 5000 1003.888615 1019.664151 1020.934916 1021.253103 1019.120506
7424 256 5000 998.006658 1005.663972 1011.433376 1010.239837 1011.089004
7680 256 5000 1017.039635 1025.977143 1028.790305 1033.973536 1032.171357
7936 256 5000 1008.166101 1017.588780 1016.723051 1018.854375 1015.726742
8192 256 5000 1004.498601 1006.977749 1008.255849 1009.906673 1012.999459
8448 256 5000 1016.673405 1031.324750 1030.400976 1028.264963 1034.274182
8704 256 5000 1004.781703 1021.034495 1021.221676 1022.571408 1020.482711
8960 256 5000 997.590571 1007.812019 1010.297836 1010.484766 1010.743022
9216 256 5000 1015.021640 1025.700597 1026.834491 1025.130135 1027.335272
9472 256 5000 1004.179332 1020.801374 1019.470932 1018.631536 1020.320298
9728 256 5000 999.296984 1012.106089 1010.709503 1013.473544 1011.431960
9984 256 5000 1013.435262 1025.610735 1026.525186 1025.207576 1023.016330
10240 256 5000 1000.099192 1016.866049 1016.724068 1016.487522 1016.156542
10496 256 5000 997.163236 1008.140233 1008.526195 1008.783667 1008.231021
10752 256 5000 1010.296352 1022.774801 1023.056109 1026.336749 1024.739581
11008 256 5000 1000.805461 1017.683852 1015.403019 1016.040035 1014.532992
11264 256 5000 992.709897 1008.457718 1009.728973 1009.891642 1010.118051
11520 256 5000 1010.664839 1020.689846 1019.969703 1021.842776 1019.306941
11776 256 5000 1000.735616 1016.829693 1016.294938 1014.448198 1015.398088
12032 256 5000 997.516727 1008.351775 1009.859284 1010.548418 1012.608158
