2048 256 5000 994.250171 997.807552 1004.075379 997.693625 1003.153222
2304 256 5000 1033.039092 1028.248666 1033.075279 1030.260262 1027.066936
2560 256 5000 1004.075379 1003.460420 1001.681289 1001.926311 1007.130563
2816 256 5000 1026.478713 1028.499686 1029.763163 1028.763878 1027.092950
3072 256 5000 1046.371644 1044.509377 1045.592576 1046.928832 1046.037615
3328 256 5000 1025.034891 1027.730464 1026.393273 1024.467906 1020.932295
3584 256 5000 1035.814762 1034.086964 1034.740047 1036.142292 1037.079236
3840 256 5000 1055.964939 1050.997498 1053.430206 1053.610855 1053.249620
4096 256 5000 1031.413283 1030.683337 1035.835227 1031.778644 1026.486021
4352 256 5000 1011.358025 1013.400280 1014.470689 1012.681792 1013.105392
4608 256 5000 1060.586554 1062.267447 1060.949023 1062.688503 1065.202629
4864 256 5000 1041.263045 1043.846824 1039.402995 973.362725 1036.823874
5120 256 5000 1020.714575 1023.712081 1023.840025 1024.368132 1025.217446
5376 256 5000 1057.617115 1064.719171 1060.355030 1062.302978 1060.861790
5632 256 5000 1036.276342 1041.817446 1038.605388 1037.394771 1040.899837
5888 256 5000 1022.305418 1029.173836 1027.910529 1030.130396 1030.961794
6144 256 5000 1050.719468 1056.890203 1059.110620 1057.771561 1055.939418
6400 256 5000 993.933511 1040.372868 1040.372868 1041.100069 1042.530988
6656 256 5000 1020.357618 1029.232758 1028.760490 1030.876641 1027.433009
6912 256 5000 1044.614204 1053.583252 1052.505353 1054.173270 1058.625888
7168 256 5000 1031.529242 1039.511460 1038.911158 1037.173023 1041.245631
7424 256 5000 1017.334704 1027.609923 1026.100853 1029.960006 1029.346390
7680 256 5000 1030.840053 1047.302480 1048.017058 1048.229385 1048.855695
7936 256 5000 1018.977019 1034.828141 1034.385565 1032.587548 1032.115424
8192 256 5000 1007.006761 1026.385545 1025.783100 1025.071119 1026.455876
8448 256 5000 1030.479530 1042.550689 1042.922727 1041.787335 1041.616738
8704 256 5000 1017.138058 1032.742239 1029.250312 1029.773547 1029.944903
8960 256 5000 1011.081627 1023.469989 1025.015864 1021.173538 1022.247576
9216 256 5000 1025.664925 1035.587432 1041.116975 1038.203197 1039.612232
9472 256 5000 1015.806627 1029.722614 1029.102052 1028.429892 1026.531649
9728 256 5000 1008.001295 1024.269545 1022.654402 1023.772682 1023.066116
9984 256 5000 1022.206225 1038.326915 1035.709828 1036.962025 1038.259428
10240 256 5000 1013.304884 1025.987851 1026.421714 1025.089157 1025.466096
10496 256 5000 1007.694096 1019.740717 1019.145079 1023.173351 1020.561827
10752 256 5000 1016.444730 1034.413403 1031.390094 1031.745770 1031.482856
11008 256 5000 1007.237115 1024.491398 1024.521195 1022.439591 1023.204340
11264 256 5000 1002.107370 1017.725951 1018.034951 1017.812165 1018.229071
11520 256 5000 1016.062016 1029.404373 1030.346649 1029.404373 1030.512265
11776 256 5000 1007.329787 1018.884811 1021.162666 1018.774627 1019.043241
12032 256 5000 1000.959301 1017.337253 1016.471085 989.600843 1016.464376
