2048 32 5000 612.371519 606.590152 612.028390 603.907114 604.018433
2304 32 5000 668.431550 647.532057 652.922423 653.732931 544.680851
2560 32 5000 648.101266 630.736064 636.914943 639.600250 629.185868
2816 32 5000 622.836605 621.462069 617.543860 625.951653 625.777778
3072 32 5000 644.025157 644.954730 644.870113 649.986776 645.039370
3328 32 5000 644.414861 631.199621 634.357875 636.785458 620.027946
3584 32 5000 617.731337 618.998273 611.604096 626.299694 618.797885
3840 32 5000 649.814913 637.476655 641.738041 654.243425 647.896235
4096 32 5000 629.306703 631.064035 627.078748 626.838833 626.000573
4352 32 5000 620.495455 623.272467 628.731377 624.726359 622.436757
4608 32 5000 643.182413 637.675143 645.321663 639.001560 646.793578
4864 32 5000 633.591142 631.534529 625.645148 638.215516 628.525279
5120 32 5000 638.603056 632.001234 625.630060 624.057287 536.547026
5376 32 5000 635.085647 631.263760 652.674710 636.401302 639.049034
5632 32 5000 638.141775 632.853431 628.001951 623.353625 627.520891
5888 32 5000 621.219914 614.173023 618.122170 615.095325 616.221873
6144 32 5000 628.100441 629.871212 626.698967 632.749743 631.043780
6400 32 5000 623.895692 614.056129 616.756008 619.254959 619.629674
6656 32 5000 610.012602 613.915951 610.327239 614.305491 624.976526
6912 32 5000 623.932299 616.317432 624.425498 622.492401 624.566556
7168 32 5000 608.908946 608.521250 613.994325 613.239226 604.129794
7424 32 5000 607.684044 606.412089 603.362625 605.268790 599.767735
7680 32 5000 612.990123 607.294653 610.068514 614.369282 608.437314
7936 32 5000 596.327432 595.376752 603.096799 601.468429 606.814815
8192 32 5000 589.723747 593.569423 585.142857 589.856442 589.193563
8448 32 5000 594.798680 598.671273 594.275665 593.936198 595.191546
8704 32 5000 589.826776 584.479792 585.339610 587.711006 580.629560
8960 32 5000 581.252027 587.757780 574.704350 578.111138 579.232323
9216 32 5000 578.621880 578.962660 575.842543 578.508376 591.764989
9472 32 5000 574.997154 574.038862 576.331001 569.359080 573.951903
9728 32 5000 565.869265 567.168313 566.899767 571.164361 565.704732
9984 32 5000 570.881281 571.371343 574.556703 569.700428 571.207895
10240 32 5000 558.570844 486.200961 562.077601 561.749983 565.999931
10496 32 5000 555.656288 555.417383 550.339177 561.527402 558.483538
10752 32 5000 556.864015 555.174751 555.049364 560.456100 555.712763
11008 32 5000 549.335662 551.123349 551.295856 548.907657 549.592786
11264 32 5000 544.138160 545.472155 546.182986 544.697313 544.631471
11520 32 5000 541.544247 541.719324 542.309050 541.926379 543.476338
11776 32 5000 533.378627 535.942656 537.517474 536.797721 537.410154
12032 32 5000 533.052748 534.206510 533.436781 532.713487 535.216436
