128 2048 4096 647.847124 650.122199 639.322313 643.460073 634.186890
320 3072 4096 886.276598 895.919685 893.137511 797.554142 852.320359
1632 36548 1024 1102.573811 1146.108630 1160.172248 1129.477442 1168.345819
2048 4096 32 592.180578 563.821584 584.699316 594.804910 575.424343
31999 1024 88 954.767686 958.959024 965.186239 962.544276 964.024569
84 1024 4096 503.748264 517.207187 509.798200 512.915324 507.156378
256 256 2048 536.656250 542.074830 532.821469 532.821469 541.418830
1024 16 500000 392.773580 394.259368 447.993000 393.303471 421.648609
35 8457 2560 557.618073 542.643369 542.565659 553.544598 555.777615
64 18496 128 502.218204 506.583858 508.795272 505.907285 511.371016
128 4624 256 554.609195 555.626080 558.493299 561.598340 559.731186
256 1156 512 570.049782 564.317438 566.850849 560.352189 556.033879
512 289 1024 565.370269 569.621173 563.059205 573.719167 576.776673
28269 289 1024 993.670913 943.222178 995.954045 983.727427 996.084487
256 3136 64 319.926675 317.553918 322.335157 315.797320 315.797320
64 3136 64 98.808123 99.419938 97.458695 99.574078 100.039377
64 3136 256 285.445689 284.339923 278.483599 286.560089 44.830489
512 784 128 342.306622 328.098493 327.680000 337.140577 331.485316
128 784 512 302.236612 312.721996 305.289507 303.486261 300.644962
