2048 32 5000 778.152458 781.865903 639.375610 630.275053 626.539197
2304 32 5000 668.310370 658.520900 668.068141 654.080908 661.712439
2560 32 5000 688.403361 684.034736 698.618455 692.593845 683.806344
2816 32 5000 725.539452 713.475851 717.109661 721.011362 721.126761
3072 32 5000 728.501556 743.038549 739.683973 729.258160 731.646323
3328 32 5000 753.900609 743.894943 736.996540 746.292922 739.144919
3584 32 5000 764.994664 770.028199 766.631016 769.098712 766.733521
3840 32 5000 762.661370 768.961202 782.774876 779.794390 782.774876
4096 32 5000 792.358844 786.841157 786.652263 784.580390 795.339806
4352 32 5000 801.196640 803.322566 801.104464 798.165979 785.914221
4608 32 5000 809.663958 812.340238 807.181958 809.308452 835.444759
4864 32 5000 887.388826 819.545072 807.554218 813.973434 810.751120
5120 32 5000 828.478964 824.310727 809.726203 834.555827 826.306234
5376 32 5000 835.512385 831.956669 391.569172 836.487406 747.185546
5632 32 5000 843.745318 838.641228 842.719536 691.254986 839.344262
5888 32 5000 845.293854 839.793190 841.067762 845.293854 842.647585
6144 32 5000 854.297384 854.223149 854.000521 850.674974 850.527773
6400 32 5000 858.628207 853.404450 851.063830 861.372813 852.338938
6656 32 5000 863.364410 854.154636 859.601259 863.364410 859.601259
6912 32 5000 863.056032 863.662632 866.776393 861.442592 862.315789
7168 32 5000 870.563231 868.980149 869.111852 877.826253 869.770969
7424 32 5000 868.113718 420.563660 883.283760 887.839151 892.710056
7680 32 5000 889.339220 880.166177 889.403590 888.824593 880.797075
7936 32 5000 892.876732 419.755372 891.622779 894.701240 894.134216
8192 32 5000 892.010344 900.405303 897.937932 873.988131 892.739409
8448 32 5000 903.167179 900.099887 898.126246 899.560761 899.381196
8704 32 5000 900.103413 902.904564 900.627304 901.501813 898.419457
8960 32 5000 901.295109 902.770781 905.279111 905.622236 904.023206
9216 32 5000 901.210121 903.474052 906.751937 717.093809 900.439668
9472 32 5000 901.290514 899.098244 895.538616 896.174088 896.386112
9728 32 5000 902.987759 899.127722 899.543432 901.575533 894.014934
9984 32 5000 900.422750 899.105082 901.947942 901.947942 901.184700
10240 32 5000 907.549992 904.693539 907.801418 899.725426 906.947135
10496 32 5000 908.695417 904.194260 906.928768 904.876340 904.242946
10752 32 5000 907.724778 907.628997 908.012245 906.672288 904.241787
11008 32 5000 909.564140 909.940070 908.250825 907.128142 905.635541
11264 32 5000 910.222222 911.280781 909.854604 909.624994 909.074401
11520 32 5000 916.969305 909.817859 910.941979 915.193644 912.610784
11776 32 5000 910.750193 914.241351 912.337788 913.266444 916.776956
12032 32 5000 917.816448 916.680158 915.677321 919.131058 915.154972
