2048 32 5000 622.492401 659.714113 673.822743 661.846092 661.445297
2304 32 5000 689.691300 685.586758 692.021776 696.203966 698.578738
2560 32 5000 714.958981 712.471734 709.755675 710.740934 713.588850
2816 32 5000 725.656305 717.909496 743.007916 730.361485 729.415574
3072 32 5000 745.857360 742.477341 747.558935 801.304206 805.374406
3328 32 5000 812.946565 805.201875 817.063066 818.696187 819.704433
3584 32 5000 821.311945 777.651207 778.495791 777.545763 784.781716
3840 32 5000 792.058786 791.854620 793.695905 796.267496 792.365231
4096 32 5000 789.210019 765.518047 811.792394 809.586164 803.038843
4352 32 5000 809.298001 819.392798 808.640111 817.852948 809.862759
4608 32 5000 814.494034 820.202470 818.563340 826.454433 824.882524
4864 32 5000 791.215941 838.078828 832.342246 836.997204 834.663235
5120 32 5000 839.602337 843.927063 841.413311 851.736328 848.648089
5376 32 5000 852.065379 840.656763 842.138242 839.672003 840.574612
5632 32 5000 848.352476 832.597247 845.725012 848.432351 844.140515
5888 32 5000 858.700210 852.175486 858.230846 857.449713 858.621947
6144 32 5000 855.338032 852.593235 867.413747 868.103144 861.862178
6400 32 5000 854.972030 867.723074 869.196163 866.474869 852.906880
6656 32 5000 867.090050 869.355102 867.655206 863.504419 869.923215
6912 32 5000 874.936709 871.558042 871.008900 864.270084 880.019098
7168 32 5000 881.605043 875.480916 881.537279 878.229573 872.351107
7424 32 5000 884.665227 880.664294 881.972082 885.522588 873.861546
7680 32 5000 881.302446 886.324293 882.378285 889.017508 887.284280
7936 32 5000 887.819885 878.179680 885.899672 885.652507 887.571648
8192 32 5000 888.142025 894.262127 886.160503 894.811578 888.744237
8448 32 5000 889.380182 892.315817 889.497236 886.289424 892.964260
8704 32 5000 893.749198 887.597196 890.491719 893.978688 894.840326
8960 32 5000 889.495564 897.233696 893.821311 898.865133 886.360826
9216 32 5000 903.750919 893.997817 903.972536 898.683569 897.534847
9472 32 5000 899.258292 905.058226 896.916612 905.490829 896.227085
9728 32 5000 902.045784 904.299326 905.983702 903.092544 901.679991
9984 32 5000 907.017942 897.488623 906.348936 904.143084 905.116437
10240 32 5000 907.952341 903.795234 904.643587 907.449460 905.543580
10496 32 5000 907.713097 908.498783 909.827717 909.039732 911.704669
10752 32 5000 910.752290 907.676885 906.815666 911.765953 910.800508
11008 32 5000 911.211134 907.361805 913.906185 913.574356 918.864775
11264 32 5000 913.729467 916.703967 913.081366 915.214300 909.624994
11520 32 5000 917.562724 917.334395 914.603285 915.011914 912.068880
11776 32 5000 907.766429 910.046368 911.234705 914.773996 912.602926
12032 32 5000 913.288107 913.634854 915.067972 915.416072 915.720877
