2048 256 5000 934.393156 933.328586 947.120457 959.636856 953.979402
2304 256 5000 876.514296 883.790344 884.718306 882.468057 912.785911
2560 256 5000 942.069402 934.839667 930.380466 927.090112 937.916822
2816 256 5000 946.778388 838.407146 948.722133 941.191216 945.040770
3072 256 5000 955.706786 952.558140 955.567436 957.685282 952.742780
3328 256 5000 985.412570 952.238739 948.760551 869.142251 971.767497
3584 256 5000 970.533976 980.365004 979.130472 981.644662 982.296261
3840 256 5000 962.896211 987.801202 996.472449 988.019619 997.746788
4096 256 5000 994.495343 1002.711955 996.404272 1000.454155 999.691105
4352 256 5000 1020.417285 1005.425503 1001.125029 1000.945142 1005.334777
4608 256 5000 1011.566166 1018.799876 1007.987695 1019.698148 1003.375068
4864 256 5000 1030.491418 1019.305828 1024.690992 1021.714586 1031.806430
5120 256 5000 1057.219829 997.139553 998.461234 1002.094833 995.428103
5376 256 5000 1035.931713 1037.040163 1037.869144 1033.287285 1035.729015
5632 256 5000 1041.456227 1042.193983 1043.551773 1038.336118 1042.073462
5888 256 5000 1056.661760 1050.783559 1056.498822 1044.883473 1057.061909
6144 256 5000 1055.400926 1044.065636 1047.207649 1046.399489 1043.927045
6400 256 5000 1051.766639 1055.561282 1069.409814 1009.824587 1063.454149
6656 256 5000 1057.727786 1060.902050 1063.245517 1060.241923 1064.374594
6912 256 5000 1074.295428 1071.044126 1069.658574 1064.459310 1067.258559
7168 256 5000 1071.537518 1068.816327 1069.563900 1071.612609 1070.524817
7424 256 5000 1079.314888 1090.349156 1065.303469 1072.033573 1068.477686
7680 256 5000 1081.178580 1080.988355 1084.291103 1085.824110 1085.344580
7936 256 5000 1095.529696 1091.046572 1094.101934 1087.623799 1095.494252
8192 256 5000 1088.920505 1089.735302 1084.696390 1092.380456 1090.766862
8448 256 5000 1097.956075 1087.838395 1092.277700 1087.061946 1093.514820
8704 256 5000 1092.598731 1102.677237 1092.909555 1100.368399 1088.893233
8960 256 5000 1097.429813 1096.842065 1102.779834 1097.492823 1097.829000
9216 256 5000 1094.994013 1091.508675 1097.571596 1094.516506 1094.811089
9472 256 5000 1050.930083 1104.083342 1100.415691 1095.969266 1097.109764
9728 256 5000 1103.524553 1093.609696 1097.117079 1097.900630 1100.277459
9984 256 5000 1104.883110 1108.582730 1110.789316 1112.336255 1111.368914
10240 256 5000 1109.331889 1108.928315 1108.168890 1110.196338 1109.463349
10496 256 5000 1107.054393 1100.434936 1110.568474 1104.433392 1104.542353
10752 256 5000 1105.089210 1110.573501 1109.713834 1107.766607 1105.089210
11008 256 5000 1107.523011 1108.795455 1115.590287 1116.845935 1115.669786
11264 256 5000 1110.771103 1115.195768 1084.151954 1108.755200 1115.178516
11520 256 5000 1117.751399 1116.870919 1116.845542 1106.179952 1115.038225
11776 256 5000 1104.941466 1115.366059 1111.508653 1109.814605 1025.832840
12032 256 5000 1110.987996 1112.561043 1113.437778 1106.883813 1111.124258
