2048 256 5000 1055.457583 1043.193123 927.811991 912.027276 917.164649
2304 256 5000 903.225016 894.757282 894.160451 902.423501 893.456132
2560 256 5000 908.052985 928.640254 922.340755 915.793298 910.930724
2816 256 5000 935.184080 924.581249 932.281509 951.828673 936.544807
3072 256 5000 941.451385 949.476023 953.921545 946.482128 960.070318
3328 256 5000 970.992227 974.992561 961.958314 971.811836 954.906972
3584 256 5000 981.140792 973.355117 981.245722 989.009378 969.283103
3840 256 5000 996.795782 998.395320 991.687515 994.738120 991.847607
4096 256 5000 1007.800396 1004.614088 1007.180866 1006.948739 1011.826463
4352 256 5000 1023.604858 1005.588851 1009.433723 1008.154918 1014.304443
4608 256 5000 1026.709372 1019.151951 1022.792537 1021.375632 1019.592387
4864 256 5000 1027.735684 1025.264718 1022.839212 1028.159989 1034.017040
5120 256 5000 1036.912805 1038.391457 1044.947941 1041.692496 1038.161167
5376 256 5000 1040.269694 1041.025098 1044.168614 1045.358288 1041.671208
5632 256 5000 1047.494224 1050.914763 1048.118639 1052.479743 1053.171658
5888 256 5000 1050.080811 1058.308760 1056.943315 1051.545931 1056.558067
6144 256 5000 1053.704026 1058.668641 1060.953794 1054.707365 1060.395879
6400 256 5000 1065.154923 1065.321144 1058.890440 1064.310770 1065.404274
6656 256 5000 1060.796374 1066.359597 1068.767484 1067.428428 1070.903515
6912 256 5000 1066.589512 1072.979528 1064.843656 1067.348687 1065.946988
7168 256 5000 1071.249766 1069.214903 1070.187676 1067.783907 1068.778976
7424 256 5000 1077.466977 1072.372311 1071.392976 1074.445688 1072.069856
7680 256 5000 1081.166689 1077.717481 1080.097567 1077.245082 1082.655095
7936 256 5000 1081.360046 1084.315023 1081.555776 1080.612321 1081.670944
8192 256 5000 1085.414985 1079.581583 1080.850187 1075.959161 1086.337077
8448 256 5000 1087.357085 1084.804526 1087.127518 1084.249789 1078.023687
8704 256 5000 1095.865834 1093.918269 1092.973885 1089.457575 1093.864567
8960 256 5000 1090.065772 1100.441374 1095.019859 1091.767573 1092.089852
9216 256 5000 1090.015986 1100.038233 1097.704369 1098.737007 1096.418845
9472 256 5000 1105.391951 1103.028649 1101.215281 1102.587281 1098.829948
9728 256 5000 1104.336875 1103.896311 1101.952247 1106.869578 1105.974935
9984 256 5000 1103.957291 1098.642549 1101.863236 1102.119806 1100.620091
10240 256 5000 1102.492283 1103.680563 1104.275665 1104.322184 1100.409698
10496 256 5000 1101.093317 1098.464507 1103.734740 1097.145844 1107.127376
10752 256 5000 1108.052011 1106.590871 1103.025543 1105.328846 1103.167007
11008 256 5000 1103.766372 1102.065654 1103.783665 1104.250784 1100.069485
11264 256 5000 1108.533557 1113.800136 1109.591424 1104.161497 1111.696082
11520 256 5000 1108.950206 1111.910417 1113.362831 1110.988887 1111.474594
11776 256 5000 1111.344752 1111.541440 1109.365363 1114.730918 1119.574550
12032 256 5000 1115.882217 1111.822120 1110.419265 1112.135239 1114.872485
