128 2048 4096 863.830912 747.679008 711.369964 723.204569 703.769957
320 3072 4096 1010.701032 1010.853272 1003.072054 1009.661946 1031.333395
1632 36548 1024 1135.938969 1161.127254 1161.692617 1162.052881 1161.940137
2048 4096 32 841.490458 855.162332 854.345818 862.581799 851.365227
31999 1024 88 1075.408902 1074.367111 1075.288592 1074.727502 1074.887754
84 1024 4096 852.665866 854.734440 845.098431 842.269988 845.301190
256 256 2048 833.650484 833.133011 833.650484 838.860800 826.463842
1024 16 500000 527.372921 462.440798 444.309455 450.679430 461.318407
35 8457 2560 538.402160 540.630137 541.286663 537.867121 535.851213
64 18496 128 969.412873 976.283711 974.400206 968.174006 976.913166
128 4624 256 853.148829 846.476156 850.753689 843.648285 843.648285
256 1156 512 720.490880 724.279312 719.464539 720.148441 717.081079
512 289 1024 744.932311 759.114389 748.982857 759.114389 758.354515
28269 289 1024 1081.106043 1035.514090 1077.430233 1078.138383 1078.346840
256 3136 64 732.956120 726.735842 727.765212 725.709379 704.804170
64 3136 64 450.703719 447.562927 450.703719 444.465606 462.052374
64 3136 256 679.632593 688.742949 685.984299 686.901390 679.632593
512 784 128 711.637452 706.743109 704.804170 714.606732 696.208997
128 784 512 537.450042 537.450042 546.598128 537.450042 543.706074
