2048 32 5000 172.781439 172.173182 172.010499 143.266877 142.998036
2304 32 5000 127.826901 136.888229 141.009066 122.005626 143.088926
2560 32 5000 147.848686 147.806005 147.982225 147.539803 147.577013
2816 32 5000 149.563485 149.876921 149.469214 146.867462 157.455880
3072 32 5000 157.301501 157.407289 157.679969 157.695146 158.050098
3328 32 5000 158.174905 158.433753 158.315990 162.005598 159.272553
3584 32 5000 158.042112 158.299517 158.641104 157.941995 157.361214
3840 32 5000 158.395421 158.354597 158.232249 158.362760 157.441574
4096 32 5000 158.154351 158.039934 158.606002 158.556117 157.990405
4352 32 5000 158.737975 137.650733 158.182644 158.229373 157.970916
4608 32 5000 158.102631 157.848763 157.994214 158.092461 158.493486
4864 32 5000 157.880429 157.819598 157.637384 157.717250 157.819598
5120 32 5000 156.276230 157.402248 157.311570 157.556641 157.375034
5376 32 5000 157.535576 157.752265 158.321369 157.720447 157.868076
5632 32 5000 155.986775 157.170265 157.535707 157.875188 157.994214
5888 32 5000 156.832975 156.348851 156.778166 156.491694 156.955783
6144 32 5000 165.302931 156.018283 155.738978 156.122352 156.025712
6400 32 5000 155.568722 155.746182 155.945419 155.881323 156.140404
6656 32 5000 155.352949 154.801948 155.407358 155.348417 155.307637
6912 32 5000 154.667636 154.544438 154.386945 154.419280 154.077211
7168 32 5000 152.870453 153.597257 153.827995 153.844503 153.947757
7424 32 5000 153.698049 153.672199 153.698049 153.733854 153.668223
7680 32 5000 153.389090 153.260910 153.295326 153.066182 152.649755
7936 32 5000 152.348043 152.287746 151.985158 152.167296 152.413876
8192 32 5000 152.025703 152.204004 152.165130 152.384496 152.142169
8448 32 5000 151.904880 152.051836 147.121633 151.889517 151.891224
8704 32 5000 150.681108 151.560068 151.477642 151.424937 151.347592
8960 32 5000 151.185354 151.330582 151.268307 151.182165 151.215653
9216 32 5000 150.806930 150.543650 150.748344 150.805388 150.802303
9472 32 5000 150.008413 149.928277 150.048514 150.024748 149.860080
9728 32 5000 149.696084 150.013493 149.847407 149.815676 149.781075
9984 32 5000 149.501642 149.406560 149.413547 149.755320 149.841008
10240 32 5000 147.389822 149.415434 149.405896 149.192300 149.318751
10496 32 5000 149.394632 149.280425 149.223387 149.257870 149.284406
10752 32 5000 148.850087 148.932560 149.029324 148.820471 148.777999
11008 32 5000 148.685177 148.663842 148.542224 148.701496 148.561018
11264 32 5000 148.596682 153.282983 153.467024 153.399099 153.134506
11520 32 5000 152.778814 152.830752 153.013448 152.780080 152.772482
11776 32 5000 151.734246 152.632773 152.585802 152.611756 152.681010
12032 32 5000 152.148519 152.283316 152.202650 152.165356 152.143710
