2048 256 5000 248.534264 419.054927 419.806547 424.359763 443.162646
2304 256 5000 448.201340 448.562650 454.683092 454.816323 455.434413
2560 256 5000 461.131438 433.789169 433.582534 432.952368 433.198488
2816 256 5000 435.076708 434.677954 435.634087 446.203934 446.154227
3072 256 5000 449.646655 449.158718 429.565863 487.631142 487.709767
3328 256 5000 489.434257 489.709957 489.625526 490.115630 490.031059
3584 256 5000 489.774304 488.741157 488.788024 488.376946 488.460146
3840 256 5000 490.176915 489.732476 461.902793 485.327225 486.297168
4096 256 5000 487.900389 487.165954 487.560098 487.315382 487.129743
4352 256 5000 485.841372 486.193323 488.435672 488.414260 487.584903
4608 256 5000 489.025968 489.277478 488.916520 488.361926 488.778766
4864 256 5000 489.728624 489.956009 489.478360 489.609236 489.286023
5120 256 5000 487.281866 488.647972 488.658902 488.549618 488.564187
5376 256 5000 486.625933 489.488622 489.742933 483.185058 489.802194
5632 256 5000 490.722576 490.068728 489.812336 489.765748 489.915527
5888 256 5000 488.269821 488.789156 488.995296 488.931850 488.973088
6144 256 5000 492.927925 496.253013 496.105879 495.883777 495.006703
6400 256 5000 494.387447 496.247251 495.490864 495.769738 495.694741
6656 256 5000 492.592336 494.513710 489.085857 490.036697 489.678995
6912 256 5000 492.189925 490.922711 490.813774 491.399880 490.555241
7168 256 5000 490.022805 490.103950 489.800451 490.371130 490.308238
7424 256 5000 490.050693 490.349080 490.508538 491.373435 491.152482
7680 256 5000 492.984163 491.581448 491.402064 491.982464 492.443331
7936 256 5000 497.016846 488.658197 491.319510 490.823348 490.975176
8192 256 5000 490.782293 489.120254 488.689419 489.291430 489.430743
8448 256 5000 492.336832 489.267147 489.683686 488.880048 489.017121
8704 256 5000 491.517109 488.637041 488.459228 488.894350 489.358188
8960 256 5000 492.426064 488.510080 488.899499 489.078798 488.580837
9216 256 5000 489.098960 488.651210 488.863840 488.175994 489.058406
9472 256 5000 488.212034 486.839759 486.906234 490.360364 490.491294
9728 256 5000 492.980129 489.522619 490.633632 447.933694 449.043444
9984 256 5000 485.225137 474.826206 485.769240 488.289775 476.858437
10240 256 5000 475.261885 478.265470 474.613095 489.772736 488.985223
10496 256 5000 487.550035 492.509825 491.635714 490.204220 490.009337
10752 256 5000 486.350786 489.929479 474.808439 485.744841 485.674560
11008 256 5000 479.245193 483.517781 483.531055 483.181192 482.891404
11264 256 5000 481.685944 482.487074 475.963040 481.327346 480.093235
11520 256 5000 489.283972 478.197420 475.893252 478.764128 476.468364
11776 256 5000 489.447827 477.198848 474.414272 474.535249 475.236936
12032 256 5000 489.312368 480.476703 481.469579 482.487727 481.296545
