128 2048 4096 399.249581 402.075201 398.804718 401.458844 401.368804
320 3072 4096 746.538831 695.356585 694.756684 695.632887 695.080502
1632 36548 1024 1006.312710 1008.149796 1006.024303 996.925679 985.662337
2048 4096 32 378.344547 381.462919 382.604698 383.917986 384.688243
31999 1024 88 533.160862 534.812280 453.736253 528.460869 527.040977
84 1024 4096 273.775380 284.359593 284.497364 284.176106 284.336644
256 256 2048 356.015194 356.015194 356.204161 356.867131 356.582699
1024 16 500000 115.538781 121.820104 62.869286 50.922314 117.390806
35 8457 2560 286.688812 286.688812 286.743056 286.808176 286.949369
64 18496 128 293.755781 300.573759 299.800617 300.335445 295.936000
128 4624 256 358.965250 358.540540 358.965250 358.540540 357.863089
256 1156 512 554.000848 551.781617 553.596025 551.982630 554.812274
512 289 1024 291.047315 290.935545 291.047315 290.879693 290.600752
28269 289 1024 295.145646 289.652962 282.977820 275.241073 282.896483
256 3136 64 444.850424 446.008889 444.850424 449.520770 432.857826
64 3136 64 128.579139 134.082004 130.142411 131.879425 134.785477
64 3136 256 235.689101 235.689101 234.827349 235.905528 235.581036
512 784 128 395.841479 396.452346 397.065100 396.758486 396.146677
128 784 512 240.544120 240.431558 240.995422 239.870327 239.982363
