2048 32 5000 169.029196 169.782383 169.020478 141.625967 142.823519
2304 32 5000 146.007605 148.513416 153.805073 155.301849 122.496179
2560 32 5000 136.206438 140.519400 138.500034 137.907815 146.421677
2816 32 5000 147.126437 146.953686 148.758584 148.186154 150.628510
3072 32 5000 152.135694 152.027466 151.479290 147.581444 151.844300
3328 32 5000 153.425921 152.285077 153.191979 154.548093 152.224128
3584 32 5000 151.471287 151.048362 152.182798 151.147895 151.627489
3840 32 5000 153.838450 153.799940 153.730671 153.761450 153.542422
4096 32 5000 153.807881 153.685247 153.775400 153.930711 153.703269
4352 32 5000 154.059914 154.535165 157.842004 155.047874 155.168802
4608 32 5000 155.629670 155.485259 155.593542 155.757896 153.840376
4864 32 5000 155.129866 155.682250 155.595098 155.393155 155.579545
5120 32 5000 153.402494 154.650658 155.116261 155.045802 154.542711
5376 32 5000 154.989369 155.207506 155.350467 155.490880 155.549929
5632 32 5000 152.574457 154.672159 154.778427 154.595207 154.924783
5888 32 5000 154.495064 154.239591 154.295167 154.229491 154.611698
6144 32 5000 152.995191 154.405805 153.912635 153.369945 153.676838
6400 32 5000 153.587713 153.813801 153.394451 153.560074 153.518635
6656 32 5000 152.217601 142.542028 153.154526 153.353013 152.853370
6912 32 5000 151.889138 151.968450 152.003958 152.246696 152.572256
7168 32 5000 151.106075 152.091981 151.858374 151.481291 151.872451
7424 32 5000 150.620697 151.215103 151.176613 151.269023 151.595283
7680 32 5000 151.440086 151.303962 150.787807 150.856301 151.240646
7936 32 5000 150.351083 150.457976 150.833304 150.826137 150.783152
8192 32 5000 154.671827 149.823968 150.212015 150.012590 149.762340
8448 32 5000 149.996671 149.876921 150.123281 149.835386 149.624743
8704 32 5000 148.598988 149.665771 149.396039 148.955013 149.052262
8960 32 5000 149.425168 149.484375 144.828562 149.198123 149.445417
9216 32 5000 149.093042 149.180527 149.079475 149.147331 157.862282
9472 32 5000 155.855161 156.573306 156.749824 156.625087 156.793610
9728 32 5000 156.604856 156.478903 156.353153 156.324887 156.438012
9984 32 5000 156.051814 155.975629 155.971060 155.939086 156.089935
10240 32 5000 155.667458 155.615710 155.581722 155.658585 155.460670
10496 32 5000 155.348140 155.484779 155.292116 154.912506 155.274886
10752 32 5000 155.234116 155.391161 155.075991 155.257933 154.852647
11008 32 5000 154.705877 154.862308 154.971316 154.807861 154.790174
11264 32 5000 154.358197 154.363485 154.338369 154.334404 154.430944
11520 32 5000 154.497372 158.929434 159.055607 159.173734 159.132507
11776 32 5000 159.808653 158.960601 159.002186 158.952554 151.863882
12032 32 5000 158.285851 158.231209 158.374398 158.476090 158.410888
