2048 256 5000 553.618720 552.615047 279.227115 289.649076 330.097968
2304 256 5000 441.968019 452.805159 455.075997 469.792115 469.224038
2560 256 5000 472.781313 153.528274 451.598677 449.436969 454.555543
2816 256 5000 460.189465 460.330515 460.265856 459.497221 460.019144
3072 256 5000 463.495880 463.392100 459.987834 459.998596 459.117764
3328 256 5000 461.201334 462.066796 460.966768 458.905910 462.026703
3584 256 5000 461.827773 424.872655 461.846371 461.637233 461.790582
3840 256 5000 464.385930 464.346446 464.451752 464.315741 463.982631
4096 256 5000 469.333715 468.566117 468.934922 468.553555 468.892983
4352 256 5000 465.863266 465.991869 467.285737 466.026955 466.104943
4608 256 5000 467.302070 467.416870 467.513197 467.531726 467.531726
4864 256 5000 468.212857 468.008720 468.142445 468.939337 468.290335
5120 256 5000 436.583595 467.406499 467.073379 467.103341 467.416500
5376 256 5000 438.113914 468.579678 329.969359 238.408504 274.863093
5632 256 5000 304.279522 479.896684 480.261151 464.473896 469.660506
5888 256 5000 439.162306 470.035300 470.017711 470.164319 470.181918
6144 256 5000 441.161424 470.618649 471.287058 471.001976 471.352025
6400 256 5000 439.668960 472.068874 471.748094 471.102421 472.115124
6656 256 5000 441.326724 472.743011 472.790233 472.926705 472.994970
6912 256 5000 467.451445 478.313240 478.287382 477.549038 477.677954
7168 256 5000 477.190647 477.896535 481.371654 481.088960 481.104096
7424 256 5000 477.715665 505.350932 506.579382 506.490281 489.084696
7680 256 5000 482.542300 491.453654 490.529131 493.016304 493.085547
7936 256 5000 483.708882 491.714306 491.845253 492.255207 491.388435
8192 256 5000 483.323884 492.418664 492.379356 492.585216 491.822778
8448 256 5000 476.358799 507.480254 507.849675 506.455843 507.561242
8704 256 5000 480.280725 504.515732 504.645991 504.015888 504.609420
8960 256 5000 474.731461 475.081501 479.026310 479.428806 479.224469
9216 256 5000 468.099425 490.685834 490.814454 491.298915 491.694142
9472 256 5000 462.794825 489.647429 490.950100 489.635565 489.892762
9728 256 5000 473.639486 503.949653 486.877368 487.674430 488.246181
9984 256 5000 480.115412 488.964222 489.619898 489.415513 489.558002
10240 256 5000 459.708193 489.025359 488.866676 486.892694 486.673944
10496 256 5000 472.679680 490.485196 501.644033 495.384604 475.234524
10752 256 5000 477.753864 481.492910 483.912209 484.288534 484.228896
11008 256 5000 476.369242 476.325762 476.691567 476.798029 472.419424
11264 256 5000 475.868784 487.375096 488.329213 488.615514 488.148998
11520 256 5000 483.264236 488.875185 488.927057 488.884910 487.551332
11776 256 5000 482.786806 486.118797 486.349366 485.714654 486.589578
12032 256 5000 484.201856 487.373694 486.962241 486.777544 486.834477
