16 9600 9600 280.374578
32 9600 9600 509.683859
48 9600 9600 719.792052
64 9600 9600 838.995039
80 9600 9600 989.209369
96 9600 9600 1117.390714
112 9600 9600 1185.327412
128 9600 9600 1280.576649
144 9600 9600 1385.625910
160 9600 9600 1384.501630
176 9600 9600 1445.099673
192 9600 9600 1494.533822
208 9600 9600 1519.092789
224 9600 9600 1564.561394
240 9600 9600 1597.397181
256 9600 9600 1587.191044
272 9600 9600 1614.943734
288 9600 9600 1663.887261
304 9600 9600 1644.702288
320 9600 9600 1672.123479
336 9600 9600 1725.047108
352 9600 9600 1705.213360
368 9600 9600 1737.816538
384 9600 9600 1772.742710
400 9600 9600 1752.241161
416 9600 9600 1771.951369
432 9600 9600 1816.615182
448 9600 9600 1796.907570
464 9600 9600 1825.369211
480 9600 9600 1841.523446
496 9600 9600 1867.910269
512 9600 9600 1983.253738
