16 9600 9600 580.438312
32 9600 9600 998.195942
48 9600 9600 1316.042661
64 9600 9600 1525.650211
80 9600 9600 1666.696808
96 9600 9600 1762.720779
112 9600 9600 1814.795214
128 9600 9600 1845.983397
144 9600 9600 1824.586682
160 9600 9600 1821.546368
176 9600 9600 1852.483468
192 9600 9600 1918.501171
208 9600 9600 1925.864009
224 9600 9600 1914.879763
240 9600 9600 1936.117506
256 9600 9600 1919.488418
272 9600 9600 1946.591187
288 9600 9600 1947.913899
304 9600 9600 1952.355285
320 9600 9600 1635.680681
336 9600 9600 1634.320684
352 9600 9600 1631.093033
368 9600 9600 1635.246029
384 9600 9600 1608.482962
400 9600 9600 1382.827380
416 9600 9600 1405.053104
432 9600 9600 1434.505421
448 9600 9600 1446.864178
464 9600 9600 1478.011667
480 9600 9600 1496.863263
496 9600 9600 1509.625932
512 9600 9600 1506.299375
