16 9600 9600 38.003536
32 9600 9600 71.748329
48 9600 9600 87.847031
64 9600 9600 112.776570
80 9600 9600 138.922151
96 9600 9600 166.225255
112 9600 9600 181.495158
128 9600 9600 199.264865
144 9600 9600 219.991554
160 9600 9600 236.592153
176 9600 9600 254.633795
192 9600 9600 274.763053
208 9600 9600 289.674901
224 9600 9600 307.529954
240 9600 9600 325.151286
256 9600 9600 337.524826
272 9600 9600 349.738926
288 9600 9600 365.593640
304 9600 9600 374.554386
320 9600 9600 389.568728
336 9600 9600 400.350112
352 9600 9600 407.685243
368 9600 9600 421.564830
384 9600 9600 425.482335
400 9600 9600 436.391014
416 9600 9600 443.862022
432 9600 9600 449.345842
448 9600 9600 456.596105
464 9600 9600 459.315268
480 9600 9600 468.114657
496 9600 9600 471.967478
512 9600 9600 474.480825
