1200 1200 1200 405.044302
1800 1800 1800 1101.478837
2400 2400 2400 1676.428857
3000 3000 3000 1184.620987
3600 3600 3600 664.159366
4200 4200 4200 1008.833145
4800 4800 4800 1308.384679
5400 5400 5400 1244.535635
6000 6000 6000 1461.744917
6600 6600 6600 1140.524037
7200 7200 7200 1159.729021
7800 7800 7800 1486.334581
8400 8400 8400 1563.559574
9000 9000 9000 1510.130302
9600 9600 9600 1543.583928
10200 10200 10200 1675.405168
10800 10800 10800 1361.000811
11400 11400 11400 1689.272101
12000 12000 12000 1488.609040
