1200 1200 1200 874.051593
1800 1800 1800 905.280805
2400 2400 2400 920.231922
3000 3000 3000 928.754231
3600 3600 3600 984.935486
4200 4200 4200 1001.417891
4800 4800 4800 1014.966796
5400 5400 5400 1052.540109
6000 6000 6000 1043.785346
6600 6600 6600 1057.204961
7200 7200 7200 919.828478
7800 7800 7800 920.047430
8400 8400 8400 995.708420
9000 9000 9000 935.559940
9600 9600 9600 902.967731
10200 10200 10200 993.910145
10800 10800 10800 1032.193106
11400 11400 11400 1037.755237
12000 12000 12000 1055.553706
