1200 1200 1200 1502.739369
1800 1800 1800 1907.253581
2400 2400 2400 2007.347496
3000 3000 3000 2034.771992
3600 3600 3600 2090.547371
4200 4200 4200 2027.963606
4800 4800 4800 2144.535886
5400 5400 5400 2071.862023
6000 6000 6000 2097.132172
6600 6600 6600 2134.659935
7200 7200 7200 2121.801435
7800 7800 7800 2139.597376
8400 8400 8400 2143.299603
9000 9000 9000 2123.690864
9600 9600 9600 2190.063107
10200 10200 10200 2163.153370
10800 10800 10800 2127.674093
11400 11400 11400 2147.675368
12000 12000 12000 2161.855142
