1200 1200 1200 957.712132
1800 1800 1800 1034.831520
2400 2400 2400 1121.759240
3000 3000 3000 1091.398567
3600 3600 3600 1118.991143
4200 4200 4200 1147.288646
4800 4800 4800 1184.790306
5400 5400 5400 1177.534240
6000 6000 6000 1185.617147
6600 6600 6600 1162.620758
7200 7200 7200 1212.737565
7800 7800 7800 1160.566392
8400 8400 8400 1165.904287
9000 9000 9000 1181.871358
9600 9600 9600 1199.604785
10200 10200 10200 1185.314586
10800 10800 10800 1172.332000
11400 11400 11400 1189.840263
12000 12000 12000 1197.963130
